timeStamp      action  positionX     positionY     

start time: 96892822908

96893064611    move    826.00        509.00        

96893064811    move    824.00        507.00        

96893072520    move    823.00        507.00        

96893072707    move    821.00        506.00        

96893072818    move    820.00        504.00        

96893073006    move    818.00        503.00        

96893073119    move    817.00        501.00        

96893080744    move    814.00        501.00        

96893080842    move    812.00        500.00        

96893081055    move    811.00        498.00        

96893081155    move    808.00        497.00        

96893081354    move    806.00        495.00        

96893081455    move    805.00        494.00        

96893089183    move    802.00        492.00        

96893089281    move    799.00        491.00        

96893089481    move    797.00        489.00        

96893089568    move    794.00        488.00        

96893089782    move    791.00        486.00        

96893089882    move    790.00        485.00        

96893097623    move    787.00        483.00        

96893097709    move    784.00        482.00        

96893097921    move    781.00        480.00        

96893098008    move    779.00        479.00        

96893105930    move    770.00        474.00        

96893106085    move    767.00        471.00        

96893106184    move    764.00        470.00        

96893106384    move    761.00        468.00        

96893106485    move    758.00        467.00        

96893106685    move    755.00        465.00        

96893106696    move    773.00        474.00        

96893106775    move    752.00        462.00        

96893106986    move    749.00        461.00        

96893107072    move    746.00        459.00        

96893107285    move    743.00        458.00        

96893107385    move    740.00        456.00        

96893122627    move    737.00        455.00        

96893122714    move    734.00        453.00        

96893122925    move    731.00        452.00        

96893123026    move    728.00        450.00        

96893123227    move    725.00        449.00        

96893130857    move    722.00        447.00        

96893131055    move    719.00        446.00        

96893131156    move    716.00        444.00        

96893131355    move    713.00        444.00        

96893131455    move    710.00        443.00        

96893139209    move    709.00        441.00        

96893139302    move    706.00        440.00        

96893139501    move    703.00        440.00        

96893139600    move    700.00        438.00        

96893139800    move    698.00        437.00        

96893139901    move    695.00        437.00        

96893147521    move    692.00        435.00        

96893147620    move    691.00        435.00        

96893147820    move    689.00        435.00        

96893147920    move    688.00        434.00        

96893148109    move    685.00        434.00        

96893148221    move    683.00        434.00        

96893155938    move    682.00        432.00        

96893155993    move    680.00        432.00        

96893156180    move    679.00        432.00        

96893156292    move    677.00        432.00        

96893156493    move    676.00        432.00        

96893164371    move    674.00        432.00        

96893164482    move    673.00        432.00        

96893164782    move    671.00        432.00        

96893172638    move    670.00        432.00        

96893172937    move    668.00        432.00        

96893180871    move    667.00        432.00        

96893181256    move    665.00        432.00        

96893189299    move    665.00        433.00        

96893189697    move    664.00        435.00        

96893189998    move    664.00        436.00        

96893197676    move    664.00        438.00        

96893197955    move    662.00        439.00        

96893198054    move    662.00        441.00        

96893198255    move    662.00        442.00        

96893206173    move    662.00        444.00        

96893206360    move    662.00        447.00        

96893206572    move    661.00        450.00        

96893206672    move    661.00        451.00        

96893206872    move    661.00        453.00        

96893206975    move    661.00        456.00        

96893207173    move    661.00        457.00        

96893207272    move    661.00        460.00        

96893207472    move    661.00        463.00        

96893207573    move    659.00        465.00        

96893222730    move    659.00        468.00        

96893222829    move    659.00        471.00        

96893223028    move    659.00        474.00        

96893223128    move    659.00        477.00        

96893230990    move    659.00        483.00        

96893231070    move    658.00        486.00        

96893231282    move    658.00        489.00        

96893231482    move    658.00        493.00        

96893231583    move    658.00        498.00        

96893231683    move    658.00        501.00        

96893239327    move    658.00        505.00        

96893239427    move    656.00        508.00        

96893239625    move    656.00        513.00        

96893239725    move    656.00        517.00        

96893239925    move    656.00        522.00        

96893240026    move    656.00        526.00        

96893247739    move    655.00        531.00        

96893247838    move    655.00        537.00        

96893248038    move    655.00        541.00        

96893248138    move    653.00        546.00        

96893248339    move    653.00        549.00        

96893256059    move    653.00        555.00        

96893256171    move    653.00        559.00        

96893256270    move    652.00        564.00        

96893256470    move    652.00        570.00        

96893256570    move    652.00        574.00        

96893256772    move    652.00        580.00        

96893264407    move    650.00        585.00        

96893264607    move    650.00        589.00        

96893264706    move    650.00        594.00        

96893264906    move    650.00        600.00        

96893265007    move    649.00        603.00        

96893272741    move    649.00        609.00        

96893272852    move    649.00        613.00        

96893273040    move    649.00        618.00        

96893273152    move    647.00        622.00        

96893273339    move    647.00        628.00        

96893273453    move    647.00        633.00        

96893281070    move    647.00        637.00        

96893281269    move    646.00        640.00        

96893281369    move    646.00        646.00        

96893281569    move    646.00        651.00        

96893281773    move    646.00        655.00        

96893289427    move    644.00        663.00        

96893289524    move    644.00        667.00        

96893289724    move    644.00        672.00        

96893289812    move    644.00        676.00        

96893290026    move    644.00        678.00        

96893297734    move    643.00        682.00        

96893297945    move    643.00        687.00        

96893298245    move    643.00        693.00        

96893298345    move    643.00        696.00        

96893306100    move    641.00        700.00        

96893306191    move    641.00        703.00        

96893306389    move    641.00        708.00        

96893306489    move    641.00        711.00        

96893306689    move    640.00        714.00        

96893306890    move    640.00        718.00        

96893307089    move    638.00        723.00        

96893314396    move    638.00        726.00        

96893314601    move    638.00        727.00        

96893314687    move    637.00        730.00        

96893314900    move    637.00        733.00        

96893322736    move    637.00        735.00        

96893322944    move    635.00        738.00        

96893323043    move    635.00        741.00        

96893323243    move    634.00        742.00        

96893323343    move    634.00        745.00        

96893331177    move    631.00        750.00        

96893331303    move    631.00        751.00        

96893331403    move    631.00        753.00        

96893331603    move    629.00        756.00        

96893331703    move    628.00        757.00        

96893331927    move    632.00        747.00        

96893339526    move    628.00        759.00        

96893339624    move    626.00        762.00        

96893339825    move    625.00        763.00        

96893339924    move    625.00        765.00        

96893340125    move    623.00        766.00        

96893340225    move    623.00        768.00        

96893347960    move    622.00        769.00        

96893348059    move    620.00        772.00        

96893348259    move    620.00        774.00        

96893348358    move    619.00        775.00        

96893356115    move    619.00        777.00        

96893356198    move    617.00        777.00        

96893356396    move    617.00        778.00        

96893356496    move    617.00        780.00        

96893356695    move    616.00        780.00        

96893356796    move    616.00        781.00        

96893364516    move    616.00        783.00        

96893364615    move    614.00        783.00        

96893364915    move    614.00        784.00        

96893365216    move    613.00        784.00        

96893372914    move    613.00        786.00        

96893381387    move    611.00        786.00        

96893381574    move    611.00        787.00        

96893406993    move    610.00        787.00        

96893407090    move    610.00        786.00        

96893422918    move    608.00        786.00        

96893423463    move    608.00        785.00        

96893423550    move    607.00        785.00        

96893431808    move    605.00        785.00        

96893439824    move    604.00        783.00        

96893440122    move    602.00        783.00        

96893448077    move    601.00        782.00        

96893448375    move    599.00        782.00        

96893448689    move    598.00        780.00        

96893456382    move    596.00        780.00        

96893456693    move    595.00        779.00        

96893456994    move    593.00        779.00        

96893464758    move    592.00        777.00        

96893464969    move    590.00        777.00        

96893465270    move    589.00        776.00        

96893472978    move    587.00        776.00        

96893473277    move    586.00        776.00        

96893473477    move    586.00        774.00        

96893473577    move    584.00        774.00        

96893481330    move    583.00        774.00        

96893481626    move    581.00        773.00        

96893481726    move    580.00        773.00        

96893481926    move    578.00        773.00        

96893489646    move    577.00        771.00        

96893489745    move    575.00        771.00        

96893490044    move    574.00        771.00        

96893490232    move    572.00        771.00        

96893490345    move    571.00        771.00        

96893498187    move    569.00        771.00        

96893498374    move    568.00        771.00        

96893498486    move    566.00        771.00        

96893506443    move    563.00        771.00        

96893506741    move    562.00        771.00        

96893506841    move    560.00        771.00        

96893507042    move    559.00        771.00        

96893507151    move    565.00        771.00        

96893514738    move    557.00        771.00        

96893514864    move    557.00        772.00        

96893515039    move    556.00        772.00        

96893523068    move    554.00        774.00        

96893523179    move    553.00        774.00        

96893523379    move    553.00        775.00        

96893523479    move    551.00        775.00        

96893531324    move    550.00        777.00        

96893531623    move    548.00        778.00        

96893531922    move    548.00        780.00        

96893532124    move    547.00        780.00        

96893539739    move    547.00        781.00        

96893540039    move    545.00        783.00        

96893540338    move    545.00        784.00        

96893548176    move    544.00        786.00        

96893548424    move    544.00        787.00        

96893548623    move    542.00        787.00        

96893548724    move    542.00        789.00        

96893548932    move    544.00        784.00        

96893556518    move    542.00        790.00        

96893556718    move    541.00        790.00        

96893556818    move    541.00        792.00        

96893557019    move    541.00        793.00        

96893564858    move    541.00        795.00        

96893564957    move    539.00        796.00        

96893565257    move    539.00        798.00        

96893573093    move    539.00        799.00        

96893573290    move    538.00        801.00        

96893573589    move    538.00        802.00        

96893573890    move    538.00        804.00        

96893581532    move    538.00        805.00        

96893581831    move    536.00        807.00        

96893582131    move    536.00        808.00        

96893589741    move    536.00        810.00        

96893590052    move    536.00        811.00        

96893590152    move    535.00        811.00        

96893590352    move    535.00        813.00        

96893598171    move    535.00        814.00        

96893598422    move    535.00        816.00        

96893598721    move    533.00        817.00        

96893606633    move    533.00        819.00        

96893606931    move    533.00        820.00        

96893607019    move    532.00        820.00        

96893607232    move    532.00        822.00        

96893607534    move    532.00        823.00        

96893607643    move    530.00        823.00        

96893607932    move    530.00        825.00        

96893623194    move    529.00        826.00        

96893623580    move    529.00        828.00        

96893623793    move    527.00        828.00        

96893623892    move    527.00        829.00        

96893631723    move    527.00        831.00        

96893631936    move    526.00        831.00        

96893632236    move    526.00        832.00        

96893639992    move    524.00        834.00        

96893640391    move    523.00        835.00        

96893640699    move    524.00        832.00        

96893648310    move    523.00        837.00        

96893648509    move    521.00        837.00        

96893648809    move    521.00        838.00        

96893648910    move    520.00        838.00        

96893656529    move    520.00        840.00        

96893656827    move    518.00        840.00        

96893656928    move    518.00        841.00        

96893664951    move    517.00        843.00        

96893665351    move    515.00        844.00        

96893673506    move    514.00        846.00        

96893681574    move    512.00        846.00        

96893681773    move    512.00        847.00        

96893682160    move    511.00        847.00        

96893689974    move    511.00        849.00        

96893690574    move    509.00        849.00        

96893698608    move    509.00        850.00        

96893698908    move    508.00        850.00        

96893707441    move    508.00        852.00        

96893715066    move    506.00        852.00        

96893723600    move    506.00        853.00        

96893731671    move    505.00        853.00        

96893731963    move    505.00        855.00        

96893740275    move    505.00        856.00        

96893748329    move    503.00        856.00        

