timeStamp      action  positionX     positionY     

start time: 96982349596

96982432717    move    855.00        534.00        

96982433014    move    857.00        535.00        

96982433329    move    858.00        537.00        

96982441048    move    860.00        538.00        

96982441346    move    861.00        540.00        

96982441548    move    863.00        540.00        

96982449315    move    864.00        543.00        

96982449412    move    866.00        543.00        

96982449611    move    866.00        544.00        

96982449711    move    867.00        546.00        

96982450020    move    863.00        541.00        

96982457537    move    869.00        546.00        

96982457633    move    869.00        547.00        

96982457832    move    870.00        549.00        

96982457932    move    872.00        550.00        

96982458132    move    873.00        552.00        

96982458233    move    875.00        553.00        

96982465965    move    876.00        555.00        

96982466064    move    878.00        556.00        

96982466264    move    879.00        558.00        

96982466363    move    881.00        559.00        

96982466553    move    882.00        561.00        

96982466665    move    884.00        562.00        

96982474273    move    885.00        564.00        

96982474385    move    887.00        565.00        

96982474573    move    888.00        567.00        

96982474684    move    891.00        570.00        

96982474885    move    893.00        571.00        

96982482526    move    894.00        573.00        

96982482708    move    896.00        576.00        

96982482819    move    899.00        577.00        

96982483019    move    900.00        580.00        

96982483119    move    902.00        582.00        

96982483321    move    903.00        585.00        

96982483419    move    906.00        586.00        

96982490906    move    908.00        589.00        

96982491003    move    911.00        592.00        

96982491195    move    912.00        594.00        

96982491283    move    915.00        597.00        

96982499210    move    917.00        600.00        

96982499296    move    920.00        603.00        

96982499508    move    921.00        606.00        

96982499595    move    923.00        607.00        

96982499807    move    926.00        610.00        

96982499908    move    929.00        613.00        

96982507641    move    930.00        616.00        

96982507740    move    933.00        619.00        

96982507940    move    935.00        622.00        

96982508141    move    939.00        627.00        

96982508341    move    942.00        630.00        

96982515964    move    944.00        633.00        

96982516163    move    947.00        636.00        

96982516262    move    948.00        639.00        

96982516462    move    951.00        642.00        

96982516550    move    953.00        645.00        

96982524309    move    956.00        646.00        

96982524395    move    957.00        649.00        

96982524607    move    960.00        652.00        

96982524695    move    962.00        655.00        

96982524907    move    965.00        658.00        

96982525008    move    966.00        661.00        

96982532623    move    968.00        664.00        

96982532722    move    971.00        667.00        

96982532922    move    972.00        669.00        

96982533022    move    974.00        672.00        

96982533222    move    975.00        673.00        

96982533323    move    978.00        676.00        

96982541011    move    980.00        679.00        

96982541096    move    981.00        681.00        

96982541296    move    983.00        684.00        

96982541396    move    986.00        687.00        

96982541597    move    987.00        688.00        

96982549317    move    989.00        691.00        

96982549508    move    992.00        693.00        

96982549607    move    993.00        696.00        

96982549807    move    995.00        697.00        

96982549907    move    996.00        699.00        

96982550108    move    998.00        702.00        

96982557741    move    1001.00       703.00        

96982557940    move    1002.00       706.00        

96982558039    move    1004.00       708.00        

96982558240    move    1005.00       711.00        

96982558340    move    1008.00       712.00        

96982566055    move    1010.00       714.00        

96982566166    move    1011.00       717.00        

96982566353    move    1013.00       718.00        

96982566465    move    1014.00       720.00        

96982566652    move    1017.00       723.00        

96982566766    move    1019.00       724.00        

96982574397    move    1020.00       727.00        

96982574496    move    1023.00       729.00        

96982574696    move    1025.00       730.00        

96982574796    move    1026.00       733.00        

96982574997    move    1028.00       735.00        

96982575097    move    1031.00       738.00        

96982582746    move    1032.00       739.00        

96982582845    move    1034.00       741.00        

96982583044    move    1035.00       744.00        

96982583132    move    1037.00       745.00        

96982583346    move    1040.00       747.00        

96982583433    move    1041.00       750.00        

96982583646    move    1043.00       751.00        

96982583750    move    1044.00       753.00        

96982583945    move    1046.00       756.00        

96982584044    move    1047.00       757.00        

96982599415    move    1049.00       759.00        

96982599511    move    1050.00       760.00        

96982599711    move    1052.00       762.00        

96982599810    move    1053.00       763.00        

96982600010    move    1055.00       766.00        

96982600111    move    1056.00       768.00        

96982607741    move    1058.00       769.00        

96982607839    move    1059.00       771.00        

96982608040    move    1061.00       772.00        

96982608139    move    1062.00       774.00        

96982608339    move    1064.00       775.00        

96982608440    move    1065.00       777.00        

96982616271    move    1067.00       778.00        

96982616357    move    1068.00       780.00        

96982616569    move    1070.00       781.00        

96982616669    move    1070.00       783.00        

96982624510    move    1073.00       784.00        

96982624643    move    1074.00       786.00        

96982624742    move    1074.00       787.00        

96982624942    move    1076.00       789.00        

96982625043    move    1077.00       789.00        

96982625264    move    1071.00       784.00        

96982632846    move    1077.00       790.00        

96982632945    move    1079.00       790.00        

96982633144    move    1079.00       792.00        

96982633244    move    1080.00       793.00        

96982633545    move    1082.00       795.00        

96982641270    move    1083.00       796.00        

96982641469    move    1083.00       798.00        

96982641570    move    1085.00       798.00        

96982641770    move    1085.00       799.00        

96982649431    move    1086.00       799.00        

96982649703    move    1086.00       801.00        

96982649891    move    1088.00       802.00        

96982650204    move    1089.00       804.00        

96982658028    move    1091.00       805.00        

96982658428    move    1091.00       807.00        

96982666254    move    1092.00       808.00        

96982666413    move    1094.00       808.00        

96982666512    move    1094.00       810.00        

96982666813    move    1095.00       811.00        

96982667024    move    1092.00       807.00        

96982674604    move    1095.00       813.00        

96982674815    move    1097.00       813.00        

96982674903    move    1097.00       814.00        

96982682941    move    1098.00       816.00        

96982683240    move    1098.00       817.00        

96982683339    move    1100.00       817.00        

96982683541    move    1100.00       819.00        

96982691186    move    1101.00       820.00        

96982691584    move    1101.00       822.00        

96982699527    move    1103.00       822.00        

96982699623    move    1103.00       823.00        

96982699922    move    1104.00       823.00        

96982700122    move    1104.00       825.00        

96982707950    move    1106.00       826.00        

96982708437    move    1107.00       828.00        

96982716315    move    1109.00       829.00        

96982716713    move    1110.00       831.00        

96982724626    move    1110.00       832.00        

96982724826    move    1112.00       832.00        

96982725126    move    1112.00       834.00        

96982725226    move    1113.00       834.00        

96982733063    move    1115.00       835.00        

96982733361    move    1116.00       837.00        

96982733662    move    1118.00       838.00        

96982741376    move    1119.00       838.00        

96982741563    move    1119.00       840.00        

96982741877    move    1121.00       841.00        

96982749703    move    1122.00       841.00        

96982749815    move    1122.00       843.00        

96982750014    move    1124.00       843.00        

96982750114    move    1124.00       844.00        

96982750315    move    1125.00       844.00        

96982758091    move    1125.00       846.00        

96982758191    move    1127.00       846.00        

96982758477    move    1127.00       847.00        

96982766302    move    1128.00       847.00        

96982766597    move    1128.00       849.00        

96982766684    move    1130.00       849.00        

96982774623    move    1130.00       850.00        

96982774722    move    1131.00       850.00        

96982775021    move    1131.00       852.00        

96982775323    move    1133.00       852.00        

96982783058    move    1133.00       853.00        

96982783358    move    1134.00       853.00        

96982783457    move    1134.00       855.00        

96982783758    move    1136.00       856.00        

96982791594    move    1137.00       858.00        

96982791895    move    1139.00       859.00        

96982799854    move    1139.00       861.00        

96982799952    move    1140.00       861.00        

96982800152    move    1140.00       862.00        

96982800254    move    1142.00       864.00        

96982808073    move    1143.00       865.00        

96982808260    move    1145.00       865.00        

96982808373    move    1145.00       867.00        

96982808560    move    1146.00       868.00        

96982808674    move    1148.00       868.00        

96982816390    move    1149.00       870.00        

96982816501    move    1149.00       871.00        

96982816701    move    1151.00       871.00        

96982816801    move    1151.00       873.00        

96982817001    move    1152.00       874.00        

96982817101    move    1154.00       874.00        

96982824935    move    1155.00       876.00        

96982825134    move    1157.00       877.00        

96982825234    move    1158.00       879.00        

96982825334    move    1160.00       879.00        

96982833045    move    1160.00       880.00        

96982833156    move    1161.00       880.00        

96982833344    move    1163.00       882.00        

96982833643    move    1164.00       883.00        

96982841395    move    1166.00       885.00        

96982841493    move    1167.00       885.00        

96982841793    move    1169.00       886.00        

96982842095    move    1170.00       886.00        

96982849747    move    1170.00       888.00        

96982849845    move    1172.00       888.00        

96982850346    move    1173.00       888.00        

96982858061    move    1173.00       889.00        

96982858359    move    1175.00       889.00        

96982866700    move    1176.00       889.00        

96982883354    move    1178.00       889.00        

96982941898    move    1178.00       888.00        

96982950021    move    1178.00       887.00        

96982958186    move    1178.00       885.00        

96982958784    move    1178.00       884.00        

96982966816    move    1178.00       882.00        

96982974846    move    1178.00       881.00        

96982975547    move    1178.00       879.00        

96982983790    move    1178.00       878.00        

