timeStamp      action  positionX     positionY     

start time: 17428551978

17428610155    move    823.00        530.00        

17428610357    move    822.00        530.00        

17428610566    move    820.00        530.00        

17428610765    move    819.00        530.00        

17428618489    move    817.00        530.00        

17428618593    move    816.00        530.00        

17428618796    move    814.00        530.00        

17428618896    move    813.00        530.00        

17428618985    move    811.00        530.00        

17428626689    move    810.00        530.00        

17428626775    move    808.00        530.00        

17428626874    move    807.00        530.00        

17428626974    move    805.00        530.00        

17428627095    move    804.00        530.00        

17428627169    move    802.00        530.00        

17428627373    move    801.00        530.00        

17428627473    move    799.00        530.00        

17428635102    move    798.00        530.00        

17428635203    move    796.00        530.00        

17428635305    move    795.00        530.00        

17428635405    move    793.00        530.00        

17428635507    move    792.00        530.00        

17428635608    move    790.00        530.00        

17428635795    move    789.00        530.00        

17428635902    move    787.00        530.00        

17428636001    move    786.00        530.00        

17428643324    move    784.00        530.00        

17428643483    move    781.00        530.00        

17428643546    move    780.00        530.00        

17428643647    move    778.00        530.00        

17428643744    move    777.00        530.00        

17428643831    move    775.00        530.00        

17428643938    move    774.00        530.00        

17428651787    move    772.00        530.00        

17428651887    move    769.00        530.00        

17428651988    move    768.00        530.00        

17428652074    move    766.00        530.00        

17428652189    move    765.00        529.00        

17428652274    move    762.00        529.00        

17428652389    move    760.00        529.00        

17428652485    move    759.00        529.00        

17428660113    move    756.00        529.00        

17428660206    move    754.00        529.00        

17428660307    move    753.00        529.00        

17428660406    move    750.00        529.00        

17428660507    move    748.00        529.00        

17428660706    move    745.00        529.00        

17428660809    move    744.00        529.00        

17428668444    move    741.00        528.00        

17428668529    move    739.00        528.00        

17428668618    move    736.00        528.00        

17428668729    move    735.00        528.00        

17428668831    move    732.00        528.00        

17428668930    move    729.00        528.00        

17428669031    move    727.00        528.00        

17428669118    move    724.00        528.00        

17428669225    move    721.00        528.00        

17428676785    move    720.00        528.00        

17428676887    move    717.00        528.00        

17428676991    move    714.00        526.00        

17428677089    move    711.00        526.00        

17428677188    move    709.00        526.00        

17428677289    move    706.00        526.00        

17428677390    move    703.00        526.00        

17428677479    move    700.00        526.00        

17428685173    move    697.00        526.00        

17428685196    move    694.00        526.00        

17428685301    move    691.00        526.00        

17428685398    move    690.00        526.00        

17428685599    move    687.00        525.00        

17428685698    move    684.00        525.00        

17428685788    move    681.00        525.00        

17428685887    move    678.00        525.00        

17428693499    move    675.00        525.00        

17428693594    move    672.00        525.00        

17428693703    move    669.00        525.00        

17428693801    move    666.00        525.00        

17428693901    move    663.00        525.00        

17428694007    move    660.00        525.00        

17428694106    move    657.00        523.00        

17428694198    move    654.00        523.00        

17428701889    move    646.00        523.00        

17428702009    move    645.00        523.00        

17428702108    move    642.00        523.00        

17428702218    move    639.00        523.00        

17428702309    move    636.00        523.00        

17428702410    move    633.00        523.00        

17428702498    move    630.00        523.00        

17428702599    move    627.00        522.00        

17428710101    move    625.00        522.00        

17428710200    move    622.00        522.00        

17428710302    move    619.00        522.00        

17428710499    move    616.00        522.00        

17428710601    move    613.00        522.00        

17428710708    move    610.00        522.00        

17428710796    move    609.00        522.00        

17428718471    move    606.00        522.00        

17428718562    move    603.00        522.00        

17428718670    move    600.00        522.00        

17428718870    move    594.00        520.00        

17428718968    move    592.00        520.00        

17428719061    move    591.00        520.00        

17428719166    move    588.00        520.00        

17428719264    move    585.00        520.00        

17428726940    move    580.00        520.00        

17428726996    move    579.00        520.00        

17428727092    move    576.00        520.00        

17428727189    move    574.00        520.00        

17428727289    move    571.00        520.00        

17428727386    move    570.00        520.00        

17428727486    move    567.00        520.00        

17428727769    move    583.00        520.00        

17428735141    move    565.00        520.00        

17428735240    move    562.00        520.00        

17428735456    move    561.00        520.00        

17428735556    move    559.00        520.00        

17428735661    move    556.00        520.00        

17428735752    move    555.00        520.00        

17428735848    move    553.00        520.00        

17428735952    move    550.00        520.00        

17428736038    move    549.00        520.00        

17428736152    move    547.00        520.00        

17428736288    move    546.00        520.00        

17428736361    move    543.00        520.00        

17428736455    move    541.00        520.00        

17428736552    move    540.00        520.00        

17428736651    move    538.00        520.00        

17428736755    move    537.00        520.00        

17428751895    move    535.00        520.00        

17428751999    move    534.00        520.00        

17428752092    move    532.00        520.00        

17428752194    move    531.00        520.00        

17428752290    move    529.00        520.00        

17428752392    move    528.00        520.00        

17428752487    move    526.00        520.00        

17428752600    move    525.00        520.00        

17428760265    move    523.00        520.00        

17428760365    move    522.00        520.00        

17428760564    move    520.00        520.00        

17428760666    move    519.00        520.00        

17428760767    move    517.00        520.00        

17428760868    move    516.00        520.00        

17428760957    move    514.00        520.00        

17428768478    move    513.00        520.00        

17428768684    move    511.00        520.00        

17428768776    move    510.00        520.00        

17428768880    move    508.00        520.00        

17428768981    move    507.00        520.00        

17428769178    move    505.00        520.00        

17428777013    move    501.00        521.00        

17428777068    move    499.00        521.00        

17428777270    move    498.00        521.00        

17428777366    move    496.00        521.00        

17428777627    move    504.00        520.00        

17428777724    move    502.00        520.00        

17428785263    move    495.00        521.00        

17428785547    move    493.00        521.00        

17428785644    move    492.00        521.00        

17428785746    move    490.00        521.00        

17428793679    move    489.00        521.00        

17428793853    move    487.00        521.00        

17428793942    move    486.00        521.00        

17428794147    move    484.00        523.00        

17428794344    move    483.00        523.00        

17428801873    move    481.00        523.00        

17428802071    move    480.00        523.00        

17428802273    move    478.00        523.00        

17428802589    move    477.00        523.00        

17428810466    move    475.00        523.00        

17428810678    move    474.00        523.00        

17428810895    move    472.00        523.00        

17428818509    move    471.00        523.00        

17428818690    move    469.00        524.00        

17428819008    move    468.00        524.00        

17428819181    move    466.00        524.00        

17428827112    move    465.00        524.00        

17428827407    move    463.00        524.00        

17428827709    move    462.00        524.00        

17428835691    move    460.00        524.00        

17428835956    move    459.00        524.00        

17428836256    move    457.00        524.00        

17428836565    move    456.00        524.00        

17428851967    move    456.00        526.00        

17428852049    move    454.00        526.00        

17428852465    move    453.00        526.00        

17428860236    move    451.00        526.00        

17428860610    move    450.00        526.00        

17428868615    move    448.00        526.00        

17428869017    move    447.00        526.00        

17428869434    move    445.00        526.00        

17428877263    move    444.00        526.00        

17428877563    move    442.00        526.00        

17428885522    move    441.00        526.00        

17428885848    move    439.00        526.00        

17428886111    move    438.00        526.00        

17428893789    move    436.00        526.00        

17428893887    move    436.00        525.00        

17428894186    move    435.00        525.00        

17428902074    move    433.00        525.00        

17428902418    move    432.00        525.00        

17428910720    move    430.00        525.00        

17428919096    move    429.00        525.00        

17428927026    move    429.00        523.00        

17428968728    move    427.00        523.00        

17428977383    move    426.00        523.00        

17428985606    move    424.00        523.00        

17428986080    move    423.00        523.00        

17428993915    move    421.00        523.00        

17428994187    move    420.00        523.00        

17429002244    move    418.00        523.00        

17429002652    move    417.00        523.00        

17429002838    move    415.00        524.00        

17429010722    move    414.00        524.00        

17429011045    move    412.00        524.00        

17429011229    move    411.00        524.00        

17429018792    move    409.00        524.00        

17429018987    move    408.00        524.00        

17429019282    move    406.00        524.00        

17429019477    move    405.00        524.00        

17429027270    move    403.00        524.00        

17429027562    move    402.00        524.00        

17429027752    move    400.00        524.00        

17429035571    move    397.00        524.00        

17429035748    move    396.00        524.00        

17429035961    move    394.00        524.00        

17429036252    move    393.00        524.00        

17429036333    move    399.00        524.00        

17429043945    move    391.00        524.00        

17429044134    move    390.00        524.00        

17429044339    move    388.00        524.00        

17429052242    move    387.00        524.00        

17429052544    move    385.00        524.00        

17429052842    move    384.00        524.00        

17429060577    move    382.00        524.00        

17429060912    move    381.00        524.00        

17429061194    move    379.00        524.00        

17429069112    move    378.00        524.00        

17429069400    move    376.00        524.00        

17429077469    move    375.00        524.00        

17429085494    move    373.00        524.00        

17429086184    move    372.00        524.00        

17429102259    move    370.00        524.00        

17429110793    move    370.00        523.00        

17429118927    move    369.00        523.00        

17429136064    move    367.00        523.00        

17429144827    move    366.00        523.00        

