timeStamp      action  positionX     positionY     

start time: 686424874261

686424957485   move    851.00        509.00        

686424965117   move    852.00        508.00        

686424965316   move    853.00        507.00        

686424965416   move    853.00        506.00        

686424965615   move    854.00        504.00        

686424965702   move    855.00        503.00        

686424973459   move    855.00        502.00        

686424973543   move    856.00        500.00        

686424973755   move    857.00        499.00        

686424973842   move    858.00        497.00        

686424974054   move    858.00        495.00        

686424974155   move    859.00        494.00        

686424974355   move    860.00        492.00        

686424974454   move    861.00        490.00        

686424974656   move    862.00        488.00        

686424974754   move    863.00        486.00        

686424974955   move    864.00        484.00        

686424975055   move    865.00        482.00        

686424990200   move    866.00        480.00        

686424990264   move    867.00        479.00        

686424990463   move    868.00        477.00        

686424990563   move    869.00        474.00        

686424990765   move    871.00        472.00        

686424998500   move    873.00        469.00        

686424998695   move    875.00        465.00        

686424998795   move    877.00        461.00        

686424999094   move    882.00        454.00        

686424999195   move    885.00        451.00        

686425006908   move    888.00        446.00        

686425007007   move    890.00        443.00        

686425007207   move    893.00        439.00        

686425007307   move    896.00        436.00        

686425007509   move    898.00        432.00        

686425007609   move    902.00        428.00        

686425015345   move    904.00        425.00        

686425015444   move    906.00        422.00        

686425015644   move    909.00        420.00        

686425015743   move    911.00        417.00        

686425015945   move    914.00        414.00        

686425023471   move    916.00        412.00        

686425023670   move    919.00        409.00        

686425023770   move    921.00        406.00        

686425023970   move    924.00        404.00        

686425024070   move    926.00        401.00        

686425024272   move    929.00        399.00        

686425031831   move    931.00        396.00        

686425032030   move    933.00        394.00        

686425032129   move    936.00        391.00        

686425032316   move    939.00        389.00        

686425032429   move    941.00        387.00        

686425040267   move    944.00        384.00        

686425040377   move    946.00        382.00        

686425040564   move    948.00        380.00        

686425040676   move    951.00        378.00        

686425040864   move    954.00        376.00        

686425040979   move    956.00        374.00        

686425048682   move    959.00        372.00        

686425048781   move    961.00        370.00        

686425048980   move    964.00        368.00        

686425049080   move    966.00        366.00        

686425049281   move    969.00        364.00        

686425049381   move    971.00        362.00        

686425056998   move    974.00        360.00        

686425057085   move    976.00        359.00        

686425057297   move    979.00        357.00        

686425057385   move    981.00        355.00        

686425057599   move    984.00        353.00        

686425065244   move    986.00        351.00        

686425065452   move    989.00        349.00        

686425065539   move    991.00        347.00        

686425065751   move    993.00        346.00        

686425065851   move    996.00        344.00        

686425073672   move    1000.00       340.00        

686425073787   move    1003.00       338.00        

686425073887   move    1005.00       336.00        

686425074086   move    1007.00       334.00        

686425074189   move    1009.00       333.00        

686425074387   move    1011.00       331.00        

686425074412   move    998.00        342.00        

686425074486   move    1013.00       329.00        

686425082103   move    1015.00       328.00        

686425082202   move    1018.00       326.00        

686425082404   move    1020.00       324.00        

686425082504   move    1021.00       323.00        

686425090340   move    1023.00       321.00        

686425090438   move    1025.00       320.00        

686425090638   move    1027.00       318.00        

686425090738   move    1028.00       317.00        

686425090940   move    1030.00       315.00        

686425098589   move    1032.00       314.00        

686425098774   move    1034.00       313.00        

686425098873   move    1035.00       311.00        

686425099073   move    1037.00       310.00        

686425099173   move    1039.00       309.00        

686425099374   move    1040.00       308.00        

686425107207   move    1043.00       305.00        

686425107318   move    1045.00       304.00        

686425107506   move    1046.00       302.00        

686425107608   move    1048.00       301.00        

686425115436   move    1051.00       299.00        

686425115586   move    1052.00       297.00        

686425115686   move    1054.00       296.00        

686425115885   move    1055.00       295.00        

686425115988   move    1057.00       294.00        

686425116209   move    1049.00       300.00        

686425123685   move    1058.00       293.00        

686425123784   move    1060.00       292.00        

686425123983   move    1061.00       291.00        

686425124070   move    1063.00       289.00        

686425124285   move    1064.00       288.00        

686425124385   move    1065.00       288.00        

686425132107   move    1067.00       287.00        

686425132193   move    1068.00       286.00        

686425132406   move    1069.00       285.00        

686425132506   move    1071.00       284.00        

686425132707   move    1072.00       283.00        

686425140337   move    1073.00       282.00        

686425140535   move    1074.00       281.00        

686425140647   move    1076.00       281.00        

686425140847   move    1077.00       280.00        

686425140950   move    1078.00       279.00        

686425148683   move    1079.00       278.00        

686425148782   move    1080.00       277.00        

686425148980   move    1081.00       276.00        

686425149080   move    1082.00       276.00        

686425149280   move    1083.00       275.00        

686425149382   move    1084.00       274.00        

686425157012   move    1085.00       273.00        

686425157110   move    1086.00       272.00        

686425157310   move    1087.00       271.00        

686425157410   move    1088.00       270.00        

686425157510   move    1089.00       270.00        

686425157712   move    1090.00       269.00        

686425165412   move    1091.00       268.00        

686425165458   move    1092.00       267.00        

686425165657   move    1093.00       266.00        

686425165757   move    1093.00       265.00        

686425165958   move    1094.00       264.00        

686425173690   move    1095.00       263.00        

686425173876   move    1095.00       262.00        

686425173989   move    1096.00       261.00        

686425174176   move    1097.00       260.00        

686425174288   move    1097.00       259.00        

686425174389   move    1098.00       258.00        

686425174588   move    1099.00       257.00        

686425174688   move    1100.00       256.00        

686425174900   move    1100.00       255.00        

686425174988   move    1101.00       254.00        

686425175177   move    1101.00       253.00        

686425175290   move    1102.00       252.00        

686425190459   move    1103.00       251.00        

686425190658   move    1104.00       250.00        

686425190745   move    1104.00       249.00        

686425190960   move    1105.00       248.00        

686425191059   move    1106.00       247.00        

686425198875   move    1107.00       246.00        

686425199086   move    1108.00       244.00        

686425199287   move    1109.00       243.00        

686425199488   move    1110.00       242.00        

686425207240   move    1111.00       240.00        

686425207340   move    1112.00       239.00        

686425207642   move    1114.00       237.00        

686425207969   move    1111.00       241.00        

686425215486   move    1114.00       236.00        

686425215557   move    1115.00       235.00        

686425215770   move    1116.00       235.00        

686425215857   move    1117.00       234.00        

686425216069   move    1118.00       233.00        

686425216171   move    1118.00       232.00        

686425223791   move    1119.00       231.00        

686425223890   move    1120.00       230.00        

686425224090   move    1121.00       230.00        

686425224190   move    1121.00       229.00        

686425224391   move    1122.00       228.00        

686425224492   move    1123.00       227.00        

686425232231   move    1123.00       226.00        

686425232330   move    1124.00       225.00        

686425232529   move    1125.00       225.00        

686425232629   move    1125.00       224.00        

686425232831   move    1126.00       223.00        

686425240467   move    1127.00       223.00        

686425240653   move    1127.00       222.00        

686425240765   move    1128.00       221.00        

686425241067   move    1129.00       220.00        

686425241267   move    1129.00       219.00        

686425248807   move    1130.00       219.00        

686425249007   move    1130.00       218.00        

686425249106   move    1131.00       217.00        

686425249407   move    1132.00       216.00        

686425257223   move    1132.00       215.00        

686425257409   move    1133.00       215.00        

686425257521   move    1133.00       214.00        

686425257709   move    1134.00       214.00        

686425257824   move    1134.00       213.00        

686425265668   move    1135.00       212.00        

686425265967   move    1135.00       211.00        

686425266268   move    1136.00       211.00        

686425274006   move    1136.00       210.00        

686425274304   move    1137.00       209.00        

686425274693   move    1137.00       208.00        

686425274906   move    1138.00       208.00        

686425275292   move    1138.00       207.00        

686425290550   move    1139.00       207.00        

686425290861   move    1139.00       206.00        

686425291163   move    1140.00       206.00        

686425298913   move    1140.00       205.00        

686425299206   move    1141.00       205.00        

686425299507   move    1141.00       204.00        

686425307440   move    1142.00       204.00        

686425307941   move    1143.00       203.00        

686425315974   move    1144.00       203.00        

686425316274   move    1144.00       202.00        

686425323905   move    1145.00       202.00        

686425324205   move    1146.00       202.00        

686425324606   move    1147.00       202.00        

686425332339   move    1147.00       201.00        

686425332637   move    1148.00       201.00        

686425340788   move    1149.00       200.00        

686425340988   move    1150.00       200.00        

686425341417   move    1149.00       201.00        

686425349007   move    1151.00       200.00        

686425349193   move    1151.00       199.00        

686425349493   move    1152.00       199.00        

686425357223   move    1152.00       198.00        

686425357334   move    1153.00       198.00        

686425357835   move    1154.00       197.00        

686425365975   move    1155.00       197.00        

686425366074   move    1155.00       196.00        

686425366375   move    1156.00       196.00        

686425374105   move    1156.00       195.00        

686425374406   move    1157.00       195.00        

686425374706   move    1157.00       194.00        

686425375006   move    1158.00       194.00        

686425375306   move    1158.00       193.00        

686425375405   move    1159.00       193.00        

686425390666   move    1159.00       192.00        

686425390778   move    1160.00       192.00        

686425391180   move    1161.00       191.00        

686425399309   move    1162.00       191.00        

686425399408   move    1162.00       190.00        

686425399710   move    1163.00       190.00        

686425407547   move    1164.00       189.00        

686425407847   move    1165.00       189.00        

686425415698   move    1165.00       188.00        

686425415876   move    1166.00       188.00        

686425416176   move    1167.00       188.00        

686425416390   move    1168.00       187.00        

686425424108   move    1169.00       187.00        

686425424407   move    1169.00       186.00        

686425424597   move    1170.00       186.00        

686425432431   move    1171.00       186.00        

686425432474   move    1171.00       185.00        

686425432674   move    1172.00       185.00        

686425549432   move    1193.00       179.00        

686425549630   move    1193.00       178.00        

686425557457   move    1194.00       178.00        

686425558055   move    1194.00       177.00        

686425558256   move    1195.00       177.00        

686425574334   move    1196.00       177.00        

686425574821   move    1196.00       176.00        

686425675952   move    1196.00       177.00        

686425699762   move    1196.00       178.00        

686425707975   move    1195.00       178.00        

686425716119   move    1195.00       179.00        

686425724439   move    1194.00       180.00        

686425733186   move    1193.00       181.00        

