timeStamp      GazeRX  GazeRY  GazeLX  GazeLY  

start time: 14329331230
14329331230    850.23      483.75      850.23      483.75  

14329339522    850.152     484.483     850.152     484.483 

14329347818    849.71      483.705     849.71      483.705 

14329356174    852.804     483.428     852.804     483.428 

14329364620    850.948     485.604     850.948     485.604 

14329373024    853.852     488.631     853.852     488.631 

14329381139    852.668     491.731     852.668     491.731 

14329389630    854.27      495.358     854.27      495.358 

14329397923    851.083     495.871     851.083     495.871 

14329406330    849.177     499.908     849.177     499.908 

14329414551    851.474     495.981     851.474     495.981 

14329422900    849.532     499.875     849.532     499.875 

14329431317    852.517     498.76      852.517     498.76  

14329439765    847.647     500.713     847.647     500.713 

14329447942    848.153     500.236     848.153     500.236 

14329456282    851.605     502.004     851.605     502.004 

14329464717    851.366     502.27      851.366     502.27  

14329472945    851.964     501.531     851.964     501.531 

14329481326    852.519     503.49      852.519     503.49  

14329489689    854.317     502.621     854.317     502.621 

14329497952    859.4       509.596     859.4       509.596 

14329506260    1025.115    615.447     1025.115    615.447 

14329514700    1186.634    757.703     1186.634    757.703 

14329522930    1261.812    889.935     1261.812    889.935 

14329531271    1259.587    907.303     1259.587    907.303 

14329539763    1239.885    902.473     1239.885    902.473 

14329548129    1244.361    886.116     1244.361    886.116 

14329556401    1230.945    874.54      1230.945    874.54  

14329564671    1213.993    836.372     1213.993    836.372 

14329572982    1214.559    851.868     1214.559    851.868 

14329581428    1222.988    840.376     1222.988    840.376 

14329589793    1209.444    843.124     1209.444    843.124 

14329597988    1205.374    846.85      1205.374    846.85  

14329606392    1213.054    841.505     1213.054    841.505 

14329614768    1211.583    841.418     1211.583    841.418 

14329623156    1207.88     839.648     1207.88     839.648 

14329631424    1207.33     838.321     1207.33     838.321 

14329639782    1206.838    835.512     1206.838    835.512 

14329648137    1206.76     836.607     1206.76     836.607 

14329656406    1208.063    835.368     1208.063    835.368 

14329664772    1206.299    834.193     1206.299    834.193 

14329673140    1206.74     836.911     1206.74     836.911 

14329681512    1207.639    837.717     1207.639    837.717 

14329689857    1206.558    835.626     1206.558    835.626 

14329698180    1207.495    835.387     1207.495    835.387 

14329706631    1206.039    837.061     1206.039    837.061 

14329714930    1206.291    838.734     1206.291    838.734 

14329723162    1205.705    838.566     1205.705    838.566 

14329739998    1205.929    843.765     1205.929    843.765 

14329748201    1204.165    841.133     1204.165    841.133 

14329756609    1203.174    845.016     1203.174    845.016 

14329764911    1203.655    846.582     1203.655    846.582 

14329773342    1202.96     848.464     1202.96     848.464 

14329781642    1207.817    852.355     1207.817    852.355 

14329789964    1207.828    854.497     1207.828    854.497 

14329798331    1211.949    855.414     1211.949    855.414 

14329806677    1214.885    856.104     1214.885    856.104 

14329814862    1213.394    854.823     1213.394    854.823 

14329823340    1213.153    854.63      1213.153    854.63  

14329832216    1216.838    853.979     1216.838    853.979 

14329840593    1217.407    856.876     1217.407    856.876 

14329848820    1218.304    854.985     1218.304    854.985 

14329858454    1218.107    856.3       1218.107    856.3   

14329865274    1219.02     855.436     1219.02     855.436 

14329873463    1219.798    857.288     1219.798    857.288 

14329881855    1221.758    854.129     1221.758    854.129 

14329890223    1219.974    856.072     1219.974    856.072 

14329898618    1219.769    856.448     1219.769    856.448 

14329906840    1218.296    854.397     1218.296    854.397 

14329915224    1218.117    856.171     1218.117    856.171 

14329931986    1219.012    856.92      1219.012    856.92  

14329940242    1217.708    858.403     1217.708    858.403 

14329948657    1219.263    859.216     1219.263    859.216 

14329956964    1221.275    861.609     1221.275    861.609 

14329965367    1221.367    862.531     1221.367    862.531 

14329973626    1222.916    864.422     1222.916    864.422 

14329981994    1220.406    867.314     1220.406    867.314 

14329990371    1219.344    867.479     1219.344    867.479 

14329998591    1225.527    868.93      1225.527    868.93  

14330007001    1252.507    874.195     1252.507    874.195 

14330015393    1245.133    874.928     1245.133    874.928 

14330023734    1233.265    881.518     1233.265    881.518 

14330032005    1226.382    879.513     1226.382    879.513 

14330040351    1231.689    875.125     1231.689    875.125 

14330048766    1228.451    865.041     1228.451    865.041 

14330057110    1232.346    876.17      1232.346    876.17  

14330065344    1233.182    868.797     1233.182    868.797 

14330073627    1229.274    869.687     1229.274    869.687 

14330081991    1230.073    871.452     1230.073    871.452 

14330090250    1230.916    868.147     1230.916    868.147 

14330098627    1228.783    869.283     1228.783    869.283 

14330106963    1225.099    866.239     1225.099    866.239 

14330115373    1223.604    865.015     1223.604    865.015 

14330123615    1224.953    865.1       1224.953    865.1   

14330131983    1224.72     868.592     1224.72     868.592 

14330140330    1223.241    865.368     1223.241    865.368 

14330148776    1220.556    868.419     1220.556    868.419 

14330156945    1220.3      869.409     1220.3      869.409 

14330165341    1220.479    873.203     1220.479    873.203 

14330173749    1219.178    870.943     1219.178    870.943 

14330182141    1220.138    872.61      1220.138    872.61  

14330190354    1217.975    872.747     1217.975    872.747 

14330198730    1220.991    874.614     1220.991    874.614 

14330207104    1221.826    874.907     1221.826    874.907 

14330215331    1219.566    872.919     1219.566    872.919 

14330223745    1221.115    873.045     1221.115    873.045 

14330232121    1223.502    876.365     1223.502    876.365 

14330240508    1227.111    876.773     1227.111    876.773 

14330248729    1223.772    874.617     1223.772    874.617 

14330257103    1227.012    872.86      1227.012    872.86  

14330265506    1228.867    874.384     1228.867    874.384 

14330273863    1225.13     873.47      1225.13     873.47  

14330290516    1224.775    872.859     1224.775    872.859 

14330298838    1225.226    872.502     1225.226    872.502 

14330307271    1231.68     875.058     1231.68     875.058 

14330315475    1228.861    875.519     1228.861    875.519 

14330323834    1226.057    874.526     1226.057    874.526 

14330332236    1226.418    874.317     1226.418    874.317 

14330340482    1231.126    873.864     1231.126    873.864 

14330348826    1229.317    876.585     1229.317    876.585 

14330357250    1237.147    914.368     1237.147    914.368 

14330365616    1246.187    962.784     1246.187    962.784 

14330373838    1258.968    974.442     1258.968    974.442 

14330382205    1318.106    983.079     1318.106    983.079 

14330390616    1255.43     983.308     1255.43     983.308 

14330399004    1251.835    904.045     1251.835    904.045 

14330407164    1236.679    876.734     1236.679    876.734 

14330415543    1250.333    878.327     1250.333    878.327 

