timeStamp      action  positionX     positionY     

start time: 14483640307

14483681122    move    855.00        526.00        

14483681426    move    856.00        526.00        

14483689239    move    858.00        526.00        

14483689327    move    859.00        526.00        

14483689427    move    861.00        526.00        

14483689637    move    862.00        526.00        

14483689841    move    864.00        526.00        

14483689922    move    865.00        526.00        

14483697709    move    867.00        526.00        

14483697900    move    868.00        526.00        

14483698045    move    870.00        526.00        

14483698217    move    871.00        526.00        

14483698313    move    873.00        526.00        

14483698402    move    874.00        526.00        

14483705793    move    876.00        526.00        

14483705993    move    877.00        526.00        

14483706091    move    879.00        526.00        

14483706212    move    880.00        526.00        

14483706312    move    882.00        526.00        

14483706407    move    883.00        526.00        

14483706504    move    885.00        526.00        

14483706599    move    886.00        526.00        

14483714147    move    888.00        526.00        

14483714245    move    889.00        526.00        

14483714355    move    891.00        526.00        

14483714455    move    892.00        526.00        

14483714554    move    894.00        526.00        

14483714680    move    895.00        526.00        

14483714745    move    897.00        526.00        

14483714847    move    898.00        526.00        

14483722716    move    900.00        526.00        

14483722811    move    901.00        526.00        

14483722929    move    903.00        526.00        

14483723026    move    904.00        526.00        

14483723126    move    906.00        526.00        

14483723229    move    909.00        526.00        

14483723323    move    910.00        526.00        

14483730816    move    912.00        526.00        

14483730907    move    913.00        526.00        

14483731001    move    916.00        526.00        

14483731101    move    918.00        526.00        

14483731209    move    919.00        526.00        

14483731305    move    921.00        525.00        

14483731401    move    924.00        525.00        

14483731499    move    925.00        525.00        

14483731596    move    927.00        525.00        

14483739246    move    930.00        525.00        

14483739341    move    931.00        525.00        

14483739441    move    933.00        525.00        

14483739541    move    936.00        524.00        

14483739662    move    937.00        524.00        

14483739745    move    939.00        524.00        

14483739844    move    942.00        524.00        

14483747602    move    943.00        524.00        

14483747689    move    946.00        524.00        

14483747780    move    948.00        524.00        

14483747893    move    949.00        522.00        

14483747996    move    952.00        522.00        

14483748096    move    954.00        522.00        

14483748197    move    955.00        522.00        

14483748296    move    958.00        522.00        

14483755853    move    963.00        522.00        

14483755972    move    964.00        521.00        

14483756068    move    966.00        521.00        

14483756163    move    969.00        521.00        

14483756269    move    970.00        521.00        

14483756362    move    973.00        521.00        

14483756562    move    976.00        521.00        

14483756661    move    978.00        521.00        

14483756701    move    960.00        522.00        

14483756761    move    981.00        519.00        

14483764244    move    982.00        519.00        

14483764335    move    984.00        519.00        

14483764447    move    987.00        519.00        

14483764552    move    988.00        519.00        

14483764668    move    991.00        519.00        

14483772632    move    993.00        519.00        

14483772732    move    996.00        518.00        

14483772819    move    997.00        518.00        

14483772929    move    999.00        518.00        

14483773021    move    1002.00       518.00        

14483773120    move    1003.00       518.00        

14483773220    move    1006.00       518.00        

14483773319    move    1008.00       518.00        

14483780881    move    1009.00       518.00        

14483780969    move    1012.00       518.00        

14483781068    move    1014.00       518.00        

14483781169    move    1015.00       518.00        

14483781268    move    1018.00       518.00        

14483781371    move    1020.00       516.00        

14483781468    move    1023.00       516.00        

14483781562    move    1024.00       516.00        

14483781663    move    1026.00       516.00        

14483789294    move    1029.00       516.00        

14483789596    move    1032.00       516.00        

14483789709    move    1035.00       516.00        

14483789812    move    1036.00       516.00        

14483789909    move    1038.00       516.00        

14483790004    move    1041.00       516.00        

14483797658    move    1044.00       516.00        

14483797699    move    1045.00       516.00        

14483797811    move    1048.00       516.00        

14483798010    move    1050.00       516.00        

14483798114    move    1053.00       516.00        

14483798206    move    1054.00       516.00        

14483798435    move    1042.00       516.00        

14483805932    move    1056.00       516.00        

14483806023    move    1057.00       516.00        

14483806118    move    1060.00       516.00        

14483806231    move    1062.00       516.00        

14483806330    move    1063.00       516.00        

14483806432    move    1065.00       516.00        

14483806531    move    1066.00       516.00        

14483806628    move    1069.00       516.00        

14483806731    move    1071.00       516.00        

14483814306    move    1072.00       516.00        

14483814405    move    1074.00       516.00        

14483814506    move    1075.00       516.00        

14483814598    move    1077.00       516.00        

14483814707    move    1078.00       516.00        

14483814904    move    1080.00       516.00        

14483814998    move    1083.00       516.00        

14483822579    move    1084.00       516.00        

14483822680    move    1086.00       516.00        

14483822790    move    1087.00       516.00        

14483822896    move    1089.00       516.00        

14483822990    move    1090.00       516.00        

14483823092    move    1092.00       516.00        

14483823193    move    1093.00       516.00        

14483823290    move    1095.00       517.00        

14483830879    move    1098.00       517.00        

14483830964    move    1099.00       517.00        

14483831063    move    1101.00       517.00        

14483831164    move    1102.00       517.00        

14483831264    move    1104.00       517.00        

14483831363    move    1105.00       517.00        

14483831463    move    1107.00       517.00        

14483831564    move    1110.00       517.00        

14483831661    move    1111.00       517.00        

14483839374    move    1114.00       519.00        

14483839419    move    1116.00       519.00        

14483839515    move    1117.00       519.00        

14483839627    move    1119.00       519.00        

14483839820    move    1120.00       519.00        

14483839925    move    1122.00       519.00        

14483840160    move    1111.00       519.00        

14483847735    move    1125.00       519.00        

14483847821    move    1126.00       519.00        

14483847918    move    1128.00       519.00        

14483848017    move    1129.00       519.00        

14483848118    move    1132.00       520.00        

14483848221    move    1134.00       520.00        

14483848322    move    1135.00       520.00        

14483848414    move    1137.00       520.00        

14483855827    move    1140.00       520.00        

14483855952    move    1141.00       520.00        

14483856035    move    1143.00       520.00        

14483856129    move    1146.00       520.00        

14483856240    move    1147.00       520.00        

14483856327    move    1149.00       520.00        

14483856439    move    1152.00       520.00        

14483856539    move    1153.00       520.00        

14483856638    move    1155.00       520.00        

14483856738    move    1158.00       522.00        

14483856838    move    1159.00       522.00        

14483864304    move    1161.00       522.00        

14483864397    move    1164.00       522.00        

14483864613    move    1165.00       522.00        

14483864700    move    1167.00       522.00        

14483864813    move    1170.00       522.00        

14483872719    move    1171.00       522.00        

14483872808    move    1174.00       522.00        

14483872907    move    1176.00       522.00        

14483873007    move    1177.00       522.00        

14483873107    move    1180.00       522.00        

14483873211    move    1182.00       522.00        

14483873311    move    1183.00       522.00        

14483873414    move    1186.00       522.00        

14483881004    move    1189.00       522.00        

14483881100    move    1191.00       522.00        

14483881208    move    1194.00       522.00        

14483881307    move    1195.00       523.00        

14483881394    move    1197.00       523.00        

14483881524    move    1200.00       523.00        

14483881601    move    1201.00       523.00        

14483881698    move    1203.00       523.00        

14483881802    move    1188.00       522.00        

14483889368    move    1206.00       523.00        

14483889465    move    1207.00       523.00        

14483889557    move    1209.00       523.00        

14483889756    move    1212.00       523.00        

14483889856    move    1213.00       523.00        

14483890058    move    1216.00       523.00        

14483897666    move    1219.00       523.00        

14483897765    move    1221.00       523.00        

14483897867    move    1222.00       523.00        

14483897967    move    1224.00       523.00        

14483898072    move    1227.00       523.00        

14483898165    move    1228.00       523.00        

14483898269    move    1230.00       523.00        

14483898362    move    1231.00       523.00        

14483905976    move    1233.00       523.00        

14483906063    move    1234.00       523.00        

14483906160    move    1236.00       523.00        

14483906262    move    1239.00       523.00        

14483906365    move    1240.00       523.00        

14483906450    move    1242.00       523.00        

14483906568    move    1243.00       523.00        

14483906664    move    1245.00       523.00        

14483906773    move    1246.00       523.00        

14483914452    move    1248.00       523.00        

14483914536    move    1249.00       523.00        

14483914640    move    1251.00       523.00        

14483914942    move    1252.00       523.00        

14483915032    move    1254.00       523.00        

14483915146    move    1255.00       523.00        

14483922790    move    1258.00       523.00        

14483922820    move    1260.00       523.00        

14483922923    move    1261.00       523.00        

14483923028    move    1263.00       523.00        

14483923237    move    1264.00       523.00        

14483923325    move    1266.00       522.00        

14483923417    move    1267.00       522.00        

14483923551    move    1257.00       523.00        

14483931173    move    1269.00       522.00        

14483931283    move    1270.00       522.00        

14483931461    move    1272.00       522.00        

14483931670    move    1273.00       522.00        

14483931768    move    1275.00       522.00        

14483939425    move    1275.00       521.00        

14483939532    move    1276.00       521.00        

14483939841    move    1278.00       521.00        

14483940038    move    1279.00       521.00        

14483947775    move    1281.00       519.00        

14483948083    move    1282.00       519.00        

14483948489    move    1284.00       519.00        

14483956220    move    1284.00       518.00        

14483956519    move    1285.00       518.00        

14483957323    move    1285.00       516.00        

14483957420    move    1287.00       516.00        

14483981209    move    1288.00       516.00        

14483989667    move    1288.00       515.00        

14483990051    move    1290.00       515.00        

14483998356    move    1291.00       515.00        

14484006534    move    1293.00       515.00        

14484006919    move    1293.00       516.00        

14484014498    move    1294.00       516.00        

14484014994    move    1296.00       516.00        

14484023059    move    1297.00       516.00        

14484023675    move    1297.00       517.00        

14484023788    move    1299.00       517.00        

14484082301    move    1300.00       517.00        

14484098735    move    1300.00       519.00        

14484098938    move    1302.00       519.00        

14484115041    move    1302.00       520.00        

14484115136    move    1303.00       520.00        

14484123264    move    1303.00       522.00        

14484123349    move    1305.00       522.00        

14484132154    move    1306.00       522.00        

14484132265    move    1306.00       523.00        

14484140428    move    1308.00       523.00        

14484148567    move    1308.00       525.00        

14484156573    move    1309.00       525.00        

14484165380    move    1312.00       526.00        

14484165643    move    1311.00       526.00        

14484165773    move    1312.00       528.00        

14484166091    move    1314.00       528.00        

