timeStamp      action  positionX     positionY     

start time: 14445625013

14445674835    move    835.00        541.00        

14445674933    move    837.00        541.00        

14445682916    move    837.00        542.00        

14445683211    move    837.00        544.00        

14445683522    move    838.00        545.00        

14445691241    move    838.00        547.00        

14445691534    move    838.00        548.00        

14445691741    move    840.00        550.00        

14445699433    move    840.00        551.00        

14445699736    move    840.00        553.00        

14445699931    move    840.00        554.00        

14445700043    move    841.00        554.00        

14445700228    move    841.00        556.00        

14445707975    move    841.00        559.00        

14445708188    move    841.00        560.00        

14445708289    move    843.00        560.00        

14445708393    move    843.00        562.00        

14445708588    move    843.00        563.00        

14445708681    move    843.00        565.00        

14445708711    move    841.00        557.00        

14445716226    move    843.00        566.00        

14445716332    move    844.00        568.00        

14445716436    move    844.00        569.00        

14445716624    move    844.00        571.00        

14445716723    move    844.00        572.00        

14445724527    move    844.00        574.00        

14445724633    move    846.00        574.00        

14445724729    move    846.00        575.00        

14445724829    move    846.00        577.00        

14445724929    move    846.00        578.00        

14445725032    move    846.00        580.00        

14445732946    move    847.00        583.00        

14445733032    move    847.00        584.00        

14445733145    move    847.00        586.00        

14445733349    move    847.00        587.00        

14445733455    move    847.00        589.00        

14445733546    move    849.00        590.00        

14445741159    move    849.00        592.00        

14445741224    move    849.00        593.00        

14445741422    move    849.00        595.00        

14445741524    move    849.00        596.00        

14445741623    move    849.00        598.00        

14445741727    move    849.00        599.00        

14445741820    move    849.00        601.00        

14445749480    move    849.00        602.00        

14445749579    move    849.00        604.00        

14445749679    move    850.00        604.00        

14445749766    move    850.00        605.00        

14445749881    move    850.00        607.00        

14445750085    move    850.00        608.00        

14445750176    move    850.00        610.00        

14445757934    move    850.00        611.00        

14445757983    move    850.00        613.00        

14445758206    move    850.00        614.00        

14445758296    move    850.00        616.00        

14445758416    move    850.00        617.00        

14445766129    move    850.00        619.00        

14445766211    move    850.00        620.00        

14445766406    move    850.00        622.00        

14445766504    move    850.00        623.00        

14445766607    move    850.00        625.00        

14445766809    move    850.00        626.00        

14445766902    move    850.00        628.00        

14445774649    move    850.00        629.00        

14445774854    move    850.00        631.00        

14445774937    move    850.00        632.00        

14445775257    move    850.00        634.00        

14445775357    move    850.00        635.00        

14445782960    move    850.00        637.00        

14445783163    move    850.00        638.00        

14445783267    move    850.00        640.00        

14445783375    move    850.00        641.00        

14445783576    move    850.00        643.00        

14445783672    move    850.00        644.00        

14445791181    move    850.00        646.00        

14445791369    move    850.00        647.00        

14445791462    move    850.00        649.00        

14445791561    move    850.00        650.00        

14445791770    move    850.00        652.00        

14445791861    move    850.00        653.00        

14445791970    move    850.00        655.00        

14445799744    move    850.00        658.00        

14445799884    move    850.00        659.00        

14445800096    move    850.00        661.00        

14445800198    move    850.00        662.00        

14445800288    move    850.00        664.00        

14445800539    move    850.00        656.00        

14445808076    move    850.00        665.00        

14445808176    move    850.00        667.00        

14445808247    move    850.00        668.00        

14445808451    move    850.00        670.00        

14445808550    move    850.00        671.00        

14445808654    move    850.00        673.00        

14445808745    move    850.00        674.00        

14445816166    move    852.00        676.00        

14445816265    move    852.00        677.00        

14445816363    move    852.00        679.00        

14445816570    move    852.00        680.00        

14445816673    move    852.00        682.00        

14445816771    move    852.00        683.00        

14445816863    move    852.00        685.00        

14445816966    move    853.00        686.00        

14445817054    move    853.00        688.00        

14445824608    move    853.00        689.00        

14445824834    move    853.00        691.00        

14445824929    move    853.00        692.00        

14445825018    move    853.00        694.00        

14445832980    move    853.00        695.00        

14445833068    move    855.00        697.00        

14445833163    move    855.00        698.00        

14445833466    move    855.00        701.00        

14445833565    move    855.00        703.00        

14445841158    move    855.00        704.00        

14445841274    move    855.00        706.00        

14445841358    move    855.00        707.00        

14445841571    move    856.00        709.00        

14445841657    move    856.00        710.00        

14445841879    move    856.00        712.00        

14445841966    move    856.00        713.00        

14445849654    move    856.00        715.00        

14445849948    move    856.00        716.00        

14445850046    move    856.00        718.00        

14445850239    move    856.00        719.00        

14445858072    move    856.00        721.00        

14445858252    move    856.00        722.00        

14445858366    move    856.00        724.00        

14445858567    move    856.00        725.00        

14445866276    move    856.00        727.00        

14445866484    move    856.00        728.00        

14445866686    move    856.00        730.00        

14445867014    move    856.00        731.00        

14445874646    move    856.00        733.00        

14445874950    move    856.00        734.00        

14445875149    move    856.00        736.00        

14445875344    move    856.00        737.00        

14445883120    move    856.00        739.00        

14445883328    move    856.00        740.00        

14445883506    move    856.00        742.00        

14445883716    move    856.00        743.00        

14445891301    move    856.00        745.00        

14445891398    move    856.00        746.00        

14445891622    move    856.00        748.00        

14445891819    move    856.00        749.00        

14445892000    move    856.00        751.00        

14445899731    move    856.00        752.00        

14445900023    move    856.00        754.00        

14445900220    move    856.00        755.00        

14445900423    move    856.00        757.00        

14445907942    move    856.00        758.00        

14445908140    move    856.00        760.00        

14445908330    move    856.00        761.00        

14445908549    move    856.00        763.00        

14445908731    move    856.00        764.00        

14445916519    move    856.00        766.00        

14445916632    move    856.00        767.00        

14445916804    move    856.00        769.00        

14445917015    move    856.00        770.00        

14445917218    move    856.00        772.00        

14445924817    move    856.00        773.00        

14445925114    move    856.00        775.00        

14445933228    move    856.00        778.00        

14445933524    move    856.00        779.00        

14445933719    move    856.00        781.00        

14445933775    move    856.00        776.00        

14445941453    move    856.00        782.00        

14445941652    move    856.00        784.00        

14445941951    move    856.00        785.00        

14445950137    move    856.00        787.00        

14445950423    move    856.00        788.00        

14445958283    move    856.00        790.00        

14445958601    move    856.00        791.00        

14445958896    move    856.00        793.00        

14445966540    move    856.00        794.00        

14445966841    move    856.00        796.00        

14445967132    move    856.00        797.00        

14445974886    move    856.00        799.00        

14445975188    move    856.00        800.00        

14445975270    move    858.00        800.00        

14445983215    move    858.00        803.00        

14445983410    move    858.00        805.00        

14445983706    move    859.00        806.00        

14445983936    move    858.00        802.00        

14445991627    move    859.00        808.00        

14445991825    move    859.00        809.00        

14445992166    move    859.00        811.00        

14445999743    move    861.00        812.00        

14445999841    move    861.00        814.00        

14446000044    move    861.00        815.00        

14446000271    move    861.00        817.00        

14446000436    move    861.00        818.00        

14446008214    move    862.00        818.00        

14446008292    move    862.00        820.00        

14446008510    move    862.00        821.00        

14446008715    move    862.00        823.00        

14446008905    move    862.00        824.00        

14446009005    move    864.00        824.00        

14446016496    move    864.00        826.00        

14446016593    move    864.00        827.00        

14446016794    move    864.00        829.00        

14446017004    move    864.00        830.00        

14446017318    move    864.00        832.00        

14446017392    move    865.00        832.00        

14446025092    move    865.00        835.00        

14446025371    move    865.00        836.00        

14446025971    move    865.00        833.00        

14446033237    move    865.00        838.00        

14446033453    move    867.00        839.00        

14446033645    move    867.00        841.00        

14446033935    move    867.00        842.00        

14446041697    move    867.00        844.00        

14446042094    move    867.00        845.00        

14446042307    move    867.00        847.00        

14446050082    move    867.00        848.00        

14446050396    move    868.00        850.00        

14446050591    move    868.00        851.00        

14446058258    move    868.00        853.00        

14446058545    move    868.00        854.00        

14446058734    move    868.00        856.00        

14446066609    move    868.00        857.00        

14446066808    move    868.00        859.00        

14446067246    move    868.00        860.00        

14446067421    move    868.00        862.00        

14446067489    move    868.00        863.00        

14446067718    move    868.00        865.00        

14446067908    move    868.00        866.00        

14446083214    move    868.00        869.00        

14446083283    move    868.00        871.00        

14446083483    move    868.00        872.00        

14446083582    move    868.00        874.00        

14446083689    move    868.00        875.00        

14446084735    move    868.00        868.00        

14446091537    move    868.00        877.00        

14446091635    move    868.00        878.00        

14446091734    move    867.00        878.00        

14446091820    move    867.00        880.00        

14446091934    move    867.00        881.00        

14446092142    move    867.00        883.00        

14446092231    move    867.00        884.00        

14446100076    move    867.00        886.00        

14446100134    move    867.00        887.00        

14446100248    move    867.00        889.00        

14446100346    move    867.00        890.00        

14446100457    move    866.00        892.00        

14446100644    move    866.00        893.00        

14446108136    move    866.00        895.00        

14446108240    move    866.00        896.00        

14446108453    move    866.00        898.00        

14446108551    move    866.00        899.00        

14446108649    move    866.00        901.00        

14446108749    move    864.00        902.00        

14446108935    move    864.00        904.00        

14446116602    move    864.00        905.00        

14446116697    move    864.00        907.00        

14446116797    move    864.00        908.00        

14446116999    move    864.00        910.00        

14446117194    move    864.00        911.00        

14446117294    move    863.00        913.00        

14446124900    move    863.00        914.00        

14446124959    move    863.00        916.00        

14446125176    move    863.00        917.00        

14446125263    move    863.00        919.00        

14446125456    move    863.00        920.00        

14446125554    move    861.00        922.00        

14446133162    move    861.00        923.00        

14446133407    move    861.00        925.00        

14446133562    move    861.00        926.00        

14446133768    move    861.00        928.00        

14446141687    move    861.00        929.00        

14446141983    move    861.00        931.00        

14446142171    move    861.00        932.00        

14446150079    move    861.00        934.00        

14446150362    move    861.00        935.00        

14446150676    move    861.00        937.00        

14446158384    move    861.00        938.00        

14446158803    move    861.00        940.00        

14446166730    move    861.00        941.00        

14446166957    move    862.00        941.00        

14446174927    move    862.00        943.00        

14446175518    move    862.00        944.00        

14446183729    move    864.00        944.00        

14446191475    move    864.00        946.00        

14446200143    move    864.00        947.00        

14446208433    move    864.00        949.00        

14446216993    move    864.00        950.00        

14446225232    move    864.00        952.00        

14446225740    move    863.00        952.00        

14446225924    move    863.00        953.00        

14446233928    move    863.00        955.00        

14446242259    move    863.00        956.00        

14446250139    move    863.00        958.00        

14446258697    move    863.00        961.00        

14446259137    move    863.00        959.00        

14446267083    move    863.00        962.00        

14446275385    move    863.00        964.00        

14446283606    move    861.00        964.00        

14446283821    move    861.00        965.00        

14446300634    move    861.00        967.00        

14446317440    move    860.00        967.00        

14446325153    move    860.00        968.00        

14446333875    move    860.00        970.00        

14446342210    move    858.00        970.00        

14446350093    move    858.00        971.00        

14446358630    move    858.00        973.00        

14446358925    move    857.00        973.00        

14446367059    move    857.00        974.00        

14446375187    move    857.00        976.00        

14446375699    move    855.00        976.00        

14446375874    move    855.00        977.00        

14446384109    move    855.00        979.00        

14446392240    move    855.00        980.00        

14446400284    move    854.00        982.00        

14446400800    move    854.00        983.00        

14446408728    move    854.00        985.00        

14446416953    move    854.00        986.00        

14446417045    move    852.00        986.00        

14446417469    move    852.00        988.00        

14446425513    move    852.00        989.00        

14446433539    move    852.00        991.00        

14446434238    move    852.00        992.00        

14446442061    move    852.00        994.00        

14446450705    move    852.00        995.00        

14446459234    move    852.00        997.00        

14446475428    move    852.00        998.00        

14446484158    move    852.00        1000.00       

14446492712    move    852.00        1001.00       

14446500672    move    851.00        1001.00       

14446508651    move    851.00        1003.00       

14446517343    move    851.00        1004.00       

