timeStamp      action  positionX     positionY     

start time: 18866209743

18866250949    move    856.00        526.00        

18866251166    move    857.00        526.00        

18866251471    move    859.00        526.00        

18866251634    move    860.00        526.00        

18866251833    move    862.00        526.00        

18866259314    move    863.00        526.00        

18866259520    move    865.00        526.00        

18866259618    move    866.00        526.00        

18866267754    move    868.00        526.00        

18866267837    move    869.00        526.00        

18866268138    move    872.00        526.00        

18866268232    move    874.00        526.00        

18866268433    move    875.00        526.00        

18866276030    move    878.00        526.00        

18866276095    move    880.00        526.00        

18866276206    move    881.00        526.00        

18866276299    move    883.00        526.00        

18866276396    move    884.00        526.00        

18866276495    move    887.00        526.00        

18866276592    move    889.00        526.00        

18866276854    move    877.00        526.00        

18866284229    move    890.00        526.00        

18866284345    move    892.00        526.00        

18866284419    move    893.00        526.00        

18866284528    move    896.00        526.00        

18866284631    move    898.00        526.00        

18866284730    move    899.00        527.00        

18866284935    move    902.00        527.00        

18866292622    move    904.00        527.00        

18866292704    move    907.00        527.00        

18866292818    move    908.00        527.00        

18866292916    move    911.00        527.00        

18866293015    move    914.00        527.00        

18866293133    move    916.00        527.00        

18866293201    move    919.00        527.00        

18866293311    move    922.00        527.00        

18866300882    move    923.00        527.00        

18866300986    move    926.00        527.00        

18866301120    move    929.00        529.00        

18866301186    move    932.00        529.00        

18866301286    move    935.00        529.00        

18866301388    move    938.00        529.00        

18866301485    move    941.00        529.00        

18866301595    move    944.00        529.00        

18866301689    move    947.00        529.00        

18866309370    move    950.00        529.00        

18866309473    move    953.00        529.00        

18866309561    move    956.00        529.00        

18866309673    move    961.00        529.00        

18866309779    move    964.00        530.00        

18866310002    move    967.00        530.00        

18866310070    move    970.00        530.00        

18866317605    move    974.00        530.00        

18866317694    move    977.00        530.00        

18866317805    move    980.00        530.00        

18866317900    move    985.00        530.00        

18866318004    move    988.00        530.00        

18866318104    move    992.00        530.00        

18866318192    move    995.00        530.00        

18866318301    move    1000.00       532.00        

18866318407    move    1004.00       532.00        

18866326025    move    1012.00       532.00        

18866326064    move    1016.00       532.00        

18866326173    move    1019.00       532.00        

18866326267    move    1024.00       532.00        

18866326367    move    1028.00       532.00        

18866326460    move    1031.00       532.00        

18866326560    move    1036.00       533.00        

18866326826    move    1007.00       532.00        

18866334445    move    1040.00       533.00        

18866334532    move    1045.00       533.00        

18866334622    move    1049.00       533.00        

18866334733    move    1054.00       533.00        

18866334832    move    1057.00       533.00        

18866335031    move    1061.00       533.00        

18866335142    move    1066.00       535.00        

18866342567    move    1070.00       535.00        

18866342663    move    1076.00       535.00        

18866342764    move    1079.00       535.00        

18866342867    move    1084.00       535.00        

18866342978    move    1090.00       535.00        

18866343063    move    1094.00       535.00        

18866343164    move    1097.00       536.00        

18866343260    move    1102.00       536.00        

18866350863    move    1106.00       536.00        

18866350972    move    1111.00       536.00        

18866351066    move    1115.00       536.00        

18866351170    move    1118.00       536.00        

18866351276    move    1123.00       538.00        

18866351371    move    1127.00       538.00        

18866351474    move    1132.00       538.00        

18866351584    move    1135.00       538.00        

18866351681    move    1139.00       538.00        

18866351764    move    1142.00       538.00        

18866351876    move    1147.00       539.00        

18866359377    move    1151.00       539.00        

18866359482    move    1154.00       539.00        

18866359678    move    1157.00       539.00        

18866359798    move    1162.00       539.00        

18866359881    move    1165.00       539.00        

18866367584    move    1172.00       541.00        

18866367690    move    1175.00       541.00        

18866367804    move    1180.00       541.00        

18866367879    move    1183.00       541.00        

18866368012    move    1186.00       541.00        

18866368074    move    1189.00       541.00        

18866368177    move    1192.00       541.00        

18866368229    move    1169.00       539.00        

18866375992    move    1198.00       542.00        

18866376090    move    1201.00       542.00        

18866376189    move    1204.00       542.00        

18866376270    move    1207.00       542.00        

18866376389    move    1210.00       542.00        

18866376491    move    1213.00       542.00        

18866376586    move    1216.00       544.00        

18866376687    move    1217.00       544.00        

18866384333    move    1220.00       544.00        

18866384432    move    1223.00       544.00        

18866384519    move    1225.00       544.00        

18866384634    move    1228.00       544.00        

18866384836    move    1229.00       544.00        

18866384933    move    1232.00       544.00        

18866385030    move    1234.00       545.00        

18866392632    move    1237.00       545.00        

18866392718    move    1238.00       545.00        

18866392817    move    1240.00       545.00        

18866392919    move    1241.00       545.00        

18866393039    move    1244.00       545.00        

18866393154    move    1246.00       545.00        

18866393228    move    1247.00       545.00        

18866393315    move    1249.00       547.00        

18866393414    move    1250.00       547.00        

18866401098    move    1252.00       547.00        

18866401197    move    1253.00       547.00        

18866401411    move    1255.00       547.00        

18866401520    move    1256.00       547.00        

18866401601    move    1258.00       547.00        

18866401798    move    1259.00       548.00        

18866409416    move    1262.00       548.00        

18866409725    move    1264.00       548.00        

18866410172    move    1261.00       548.00        

18866417709    move    1265.00       548.00        

18866417994    move    1267.00       550.00        

18866418381    move    1268.00       550.00        

18866426505    move    1270.00       550.00        

18866434502    move    1270.00       551.00        

18866435116    move    1271.00       551.00        

18866451174    move    1273.00       553.00        

18866451842    move    1274.00       553.00        

18866451958    move    1273.00       551.00        

18866460002    move    1276.00       553.00        

18866467994    move    1277.00       553.00        

18866468370    move    1279.00       553.00        

18866476365    move    1280.00       553.00        

18866476670    move    1282.00       553.00        

18866484429    move    1283.00       553.00        

18866484832    move    1285.00       553.00        

18866485145    move    1286.00       553.00        

18866492916    move    1288.00       553.00        

18866493097    move    1289.00       553.00        

18866493379    move    1291.00       553.00        

18866501238    move    1292.00       553.00        

18866501536    move    1294.00       553.00        

18866501736    move    1295.00       553.00        

18866509673    move    1297.00       553.00        

18866510004    move    1298.00       553.00        

18866517804    move    1300.00       553.00        

18866518184    move    1301.00       553.00        

18866518476    move    1303.00       553.00        

18866526483    move    1304.00       553.00        

18866526889    move    1306.00       553.00        

18866534872    move    1307.00       553.00        

18866542905    move    1309.00       553.00        

18866543483    move    1309.00       552.00        

18866551377    move    1310.00       552.00        

18866559688    move    1312.00       552.00        

18866567919    move    1312.00       550.00        

18866568444    move    1313.00       550.00        

18866576771    move    1315.00       550.00        

18866584563    move    1315.00       549.00        

18866584780    move    1316.00       549.00        

18866592831    move    1318.00       549.00        

18866593356    move    1319.00       547.00        

18866593635    move    1321.00       547.00        

18866601557    move    1322.00       547.00        

18866601849    move    1324.00       546.00        

18866609822    move    1325.00       546.00        

18866609997    move    1327.00       546.00        

18866610187    move    1327.00       544.00        

18866610294    move    1328.00       544.00        

18866618097    move    1330.00       544.00        

18866618405    move    1331.00       543.00        

18866618608    move    1333.00       543.00        

18866626372    move    1334.00       543.00        

18866626406    move    1334.00       541.00        

18866626605    move    1336.00       541.00        

18866634640    move    1337.00       540.00        

18866634901    move    1339.00       540.00        

18866635230    move    1339.00       538.00        

18866635296    move    1340.00       538.00        

18866643337    move    1342.00       537.00        

18866651556    move    1342.00       535.00        

18866651704    move    1343.00       535.00        

18866659916    move    1343.00       534.00        

18866676373    move    1343.00       532.00        

18866692919    move    1342.00       532.00        

18866693312    move    1342.00       531.00        

18866718310    move    1341.00       531.00        

18866727025    move    1341.00       529.00        

18866735255    move    1339.00       529.00        

18866743416    move    1339.00       528.00        

18866743493    move    1338.00       528.00        

18866751561    move    1336.00       528.00        

18866752244    move    1335.00       528.00        

18866752463    move    1335.00       526.00        

18866826936    move    1314.00       529.00        

18866835170    move    1312.00       529.00        

18866843442    move    1311.00       529.00        

18866852674    move    1309.00       529.00        

18866902408    move    1309.00       529.00        

18866985271    move    1309.00       529.00        

18866985275    move    1309.00       529.00        

18867018601    move    1310.00       529.00        

18867027009    move    1312.00       529.00        

18867035316    move    1313.00       529.00        

