timeStamp      GazeRX  GazeRY  GazeLX  GazeLY  

start time: 89811437359
89811437359    822.95      469.045     822.95      469.045 

89811453997    819.793     470.221     819.793     470.221 

89811462359    817.995     467.476     817.995     467.476 

89811470730    819.799     467.535     819.799     467.535 

89811479113    820.762     471.632     820.762     471.632 

89811487361    821.966     469.329     821.966     469.329 

89811495728    823.521     467.586     823.521     467.586 

89811504117    825.26      473.62      825.26      473.62  

89811512502    825.006     470         825.006     470     

89811520743    827.744     471.028     827.744     471.028 

89811529105    700.641     454.842     700.641     454.842 

89811537497    615.248     366.684     615.248     366.684 

89811545728    594.746     306.427     594.746     306.427 

89811554117    550.398     277.731     550.398     277.731 

89811562500    531.284     243.857     531.284     243.857 

89811570868    523.062     231.57      523.062     231.57  

89811579111    527.399     213.851     527.399     213.851 

89811587517    516.217     203.787     516.217     203.787 

89811595870    525.046     207.642     525.046     207.642 

89811604233    522.926     201.705     522.926     201.705 

89811612490    520.84      202.976     520.84      202.976 

89811620864    516.412     198.299     516.412     198.299 

89811629232    515.539     202.454     515.539     202.454 

89811637634    510.758     201.193     510.758     201.193 

89811645865    507.14      200.326     507.14      200.326 

89811654234    505.483     199.825     505.483     199.825 

89811670887    496.862     194.966     496.862     194.966 

89811679248    491.409     189.986     491.409     189.986 

89811687612    494.2       171.717     494.2       171.717 

89811695982    498.463     173.78      498.463     173.78  

89811704242    500.214     164.668     500.214     164.668 

89811712605    503.815     157.326     503.815     157.326 

89811721005    503.809     151.716     503.809     151.716 

89811729372    511.135     144.487     511.135     144.487 

89811737613    505.01      145.391     505.01      145.391 

89811745976    504.903     140.587     504.903     140.587 

89811754381    507.558     143.048     507.558     143.048 

89811770990    510.488     141.271     510.488     141.271 

89811779356    507.609     138.175     507.609     138.175 

89811787735    499.584     138.062     499.584     138.062 

89811795981    501.607     139.257     501.607     139.257 

89811804402    497.023     140.212     497.023     140.212 

89811812747    491.278     141.48      491.278     141.48  

89811821107    489.103     143.258     489.103     143.258 

89811829359    489.319     144.558     489.319     144.558 

89811837745    485.728     145.228     485.728     145.228 

89811846129    485.266     145.007     485.266     145.007 

89811854490    483.572     145.556     483.572     145.556 

89811862726    482.901     145.021     482.901     145.021 

89811879480    484.016     146.312     484.016     146.312 

89811887760    484.699     147.052     484.699     147.052 

89811896112    487.882     148.726     487.882     148.726 

89811904475    492.531     148.108     492.531     148.108 

89811912859    489.907     146.229     489.907     146.229 

89811921125    491.308     144.203     491.308     144.203 

89811929494    489.558     142.87      489.558     142.87  

89811937869    491.068     142.496     491.068     142.496 

89811946226    480.651     140.813     480.651     140.813 

89811954484    474.952     138.327     474.952     138.327 

89811962859    484.377     137.801     484.377     137.801 

89811979608    489.51      134.873     489.51      134.873 

89811987873    486.221     138.629     486.221     138.629 

89811996224    486.19      137.162     486.19      137.162 

89812004624    487.176     136.006     487.176     136.006 

89812012864    482.141     136.773     482.141     136.773 

89812021233    487.744     139.862     487.744     139.862 

89812029598    485.124     137.818     485.124     137.818 

89812037996    487.607     137.544     487.607     137.544 

89812046223    492.579     138.621     492.579     138.621 

89812054623    492.31      139.792     492.31      139.792 

89812062987    491.889     140.778     491.889     140.778 

89812079609    486.719     143.581     486.719     143.581 

89812088011    480.804     145.214     480.804     145.214 

89812096364    475.594     145.884     475.594     145.884 

89812104731    474.35      147.469     474.35      147.469 

89812112974    471.391     146.568     471.391     146.568 

89812121348    466.46      147.334     466.46      147.334 

89812129740    485.643     147.366     485.643     147.366 

89812138017    481.251     146.815     481.251     146.815 

89812146377    474.894     145.714     474.894     145.714 

89812154731    478.151     140.709     478.151     140.709 

89812163100    479.78      137.249     479.78      137.249 

89812171392    473.821     133.6       473.821     133.6   

89812179737    471.943     126.032     471.943     126.032 

89812188107    472.3       123.203     472.3       123.203 

89812196464    476.316     119.84      476.316     119.84  

89812204722    482.575     118.161     482.575     118.161 

89812213104    479.432     117.446     479.432     117.446 

89812221524    476.719     117.527     476.719     117.527 

89812229857    475.872     118.387     475.872     118.387 

89812238106    474.347     118.756     474.347     118.756 

89812246471    473.215     118.55      473.215     118.55  

89812254880    470.356     119.674     470.356     119.674 

89812263123    468.042     120.68      468.042     120.68  

89812271482    463.881     122.34      463.881     122.34  

89812279854    469.818     124.159     469.818     124.159 

89812288231    460.22      127.783     460.22      127.783 

89812296466    464.66      126.917     464.66      126.917 

89812304903    462.12      126.868     462.12      126.868 

89812313276    462.816     125.511     462.816     125.511 

89812321476    460.709     124.157     460.709     124.157 

89812329843    459.651     120.915     459.651     120.915 

89812338252    459.114     112.632     459.114     112.632 

89812346612    453.289     116.371     453.289     116.371 

89812354873    452.658     116.417     452.658     116.417 

89812363221    453.022     117.235     453.022     117.235 

89812379980    454.756     117.103     454.756     117.103 

89812388268    456.328     118.021     456.328     118.021 

89812396603    457.963     123.186     457.963     123.186 

89812404997    462.637     124.901     462.637     124.901 

89812413347    467.524     127.556     467.524     127.556 

89812421630    474.299     129.638     474.299     129.638 

89812429975    481.89      129.572     481.89      129.572 

89812438346    488.397     133.368     488.397     133.368 

89812446731    477.4       133.272     477.4       133.272 

89812454977    475.162     132.145     475.162     132.145 

89812463348    477.62      129.005     477.62      129.005 

89812479978    485.873     119.956     485.873     119.956 

89812488346    484.071     119.356     484.071     119.356 

89812496732    465.001     118.935     465.001     118.935 

89812505133    464.412     116.912     464.412     116.912 

89812513352    471.062     120.436     471.062     120.436 

89812521728    487.602     118.919     487.602     118.919 

89812530092    468.161     118.792     468.161     118.792 

