timeStamp      action  positionX     positionY     

start time: 89847672826

89847739973    move    851.00        508.00        

89847747618    move    851.00        507.00        

89847747815    move    852.00        507.00        

89847747915    move    852.00        505.00        

89847748114    move    854.00        504.00        

89847748213    move    855.00        502.00        

89847756077    move    857.00        501.00        

89847756176    move    857.00        499.00        

89847756286    move    858.00        498.00        

89847756486    move    860.00        496.00        

89847756586    move    861.00        496.00        

89847756788    move    861.00        495.00        

89847756887    move    863.00        493.00        

89847764502    move    864.00        492.00        

89847764600    move    866.00        490.00        

89847764800    move    866.00        489.00        

89847764901    move    867.00        489.00        

89847772710    move    869.00        487.00        

89847772810    move    870.00        486.00        

89847772996    move    872.00        484.00        

89847773108    move    873.00        483.00        

89847773309    move    875.00        481.00        

89847781045    move    876.00        478.00        

89847781231    move    878.00        477.00        

89847781343    move    879.00        475.00        

89847781543    move    881.00        474.00        

89847781643    move    882.00        472.00        

89847789380    move    884.00        471.00        

89847789480    move    885.00        469.00        

89847789681    move    887.00        468.00        

89847789791    move    888.00        466.00        

89847789982    move    890.00        465.00        

89847790080    move    891.00        463.00        

89847797847    move    893.00        462.00        

89847797870    move    893.00        460.00        

89847798057    move    894.00        459.00        

89847798170    move    896.00        457.00        

89847798371    move    897.00        456.00        

89847798471    move    899.00        453.00        

89847806148    move    900.00        451.00        

89847806249    move    902.00        450.00        

89847806447    move    903.00        448.00        

89847806547    move    905.00        445.00        

89847806748    move    906.00        444.00        

89847814381    move    908.00        442.00        

89847814580    move    909.00        439.00        

89847814680    move    911.00        438.00        

89847814879    move    912.00        436.00        

89847814979    move    912.00        435.00        

89847822729    move    914.00        433.00        

89847822817    move    915.00        430.00        

89847823018    move    917.00        429.00        

89847823107    move    918.00        426.00        

89847823318    move    920.00        424.00        

89847823405    move    921.00        423.00        

89847831171    move    923.00        420.00        

89847831268    move    924.00        418.00        

89847831468    move    924.00        415.00        

89847831568    move    926.00        414.00        

89847831768    move    927.00        411.00        

89847831870    move    929.00        409.00        

89847839486    move    930.00        406.00        

89847839586    move    932.00        405.00        

89847839784    move    933.00        403.00        

89847839884    move    933.00        400.00        

89847840085    move    935.00        397.00        

89847847860    move    938.00        393.00        

89847847958    move    939.00        391.00        

89847848158    move    941.00        388.00        

89847848258    move    942.00        387.00        

89847848459    move    944.00        384.00        

89847848570    move    936.00        396.00        

89847856153    move    945.00        381.00        

89847856353    move    947.00        379.00        

89847856451    move    948.00        376.00        

89847856651    move    948.00        375.00        

89847856751    move    950.00        372.00        

89847856953    move    951.00        370.00        

89847857052    move    953.00        367.00        

89847857253    move    954.00        366.00        

89847857351    move    956.00        364.00        

89847857551    move    957.00        361.00        

89847857652    move    957.00        360.00        

89847872823    move    959.00        357.00        

89847872923    move    960.00        355.00        

89847873113    move    962.00        352.00        

89847873224    move    963.00        351.00        

89847873410    move    965.00        348.00        

89847873523    move    966.00        346.00        

89847881266    move    968.00        343.00        

89847881364    move    969.00        342.00        

89847881664    move    971.00        339.00        

89847881765    move    972.00        336.00        

89847889575    move    975.00        333.00        

89847889736    move    977.00        330.00        

89847889834    move    978.00        328.00        

89847890034    move    980.00        325.00        

89847890135    move    981.00        324.00        

89847890325    move    974.00        334.00        

89847897817    move    981.00        322.00        

89847897915    move    983.00        321.00        

89847898115    move    984.00        319.00        

89847898215    move    986.00        316.00        

89847898405    move    987.00        315.00        

89847898517    move    989.00        313.00        

89847906257    move    990.00        310.00        

89847906358    move    992.00        309.00        

89847906560    move    992.00        307.00        

89847906656    move    993.00        306.00        

89847906857    move    995.00        303.00        

89847914503    move    996.00        301.00        

89847914700    move    998.00        300.00        

89847914799    move    999.00        298.00        

89847914987    move    1001.00       295.00        

89847915099    move    1001.00       294.00        

89847922939    move    1004.00       291.00        

89847923138    move    1004.00       289.00        

89847923237    move    1005.00       288.00        

89847923436    move    1007.00       286.00        

89847923525    move    1008.00       285.00        

89847923663    move    1002.00       292.00        

89847931175    move    1008.00       283.00        

89847931261    move    1010.00       282.00        

89847931473    move    1011.00       280.00        

89847931573    move    1011.00       279.00        

89847931773    move    1013.00       276.00        

89847931874    move    1014.00       276.00        

89847939561    move    1014.00       274.00        

89847939624    move    1016.00       273.00        

89847939822    move    1016.00       271.00        

89847939910    move    1017.00       270.00        

89847940123    move    1017.00       268.00        

89847940223    move    1019.00       267.00        

89847948031    move    1019.00       265.00        

89847948130    move    1020.00       264.00        

89847948330    move    1020.00       262.00        

89847948430    move    1022.00       261.00        

89847956263    move    1023.00       259.00        

89847956463    move    1023.00       258.00        

89847956563    move    1025.00       256.00        

89847956762    move    1025.00       255.00        

89847956849    move    1026.00       255.00        

89847957063    move    1026.00       253.00        

89847957162    move    1028.00       252.00        

89847957367    move    1028.00       250.00        

89847957663    move    1029.00       249.00        

89847972933    move    1031.00       247.00        

89847973033    move    1031.00       246.00        

89847973331    move    1032.00       244.00        

89847973632    move    1034.00       243.00        

89847981328    move    1034.00       241.00        

89847981615    move    1035.00       240.00        

89847981916    move    1037.00       238.00        

89847989691    move    1038.00       238.00        

89847989790    move    1038.00       237.00        

89847990090    move    1040.00       235.00        

89847997943    move    1041.00       234.00        

89847998441    move    1043.00       232.00        

89848006263    move    1044.00       231.00        

89848006563    move    1046.00       231.00        

89848006661    move    1046.00       229.00        

89848006848    move    1047.00       229.00        

89848006964    move    1047.00       228.00        

89848014708    move    1049.00       228.00        

89848015005    move    1050.00       226.00        

89848015306    move    1052.00       225.00        

89848023030    move    1053.00       225.00        

89848023115    move    1053.00       223.00        

89848023327    move    1055.00       223.00        

89848023427    move    1056.00       222.00        

89848031215    move    1058.00       222.00        

89848031412    move    1058.00       220.00        

89848031511    move    1059.00       220.00        

89848031798    move    1061.00       219.00        

89848039704    move    1062.00       219.00        

89848039905    move    1062.00       217.00        

89848040014    move    1064.00       217.00        

89848040304    move    1065.00       216.00        

89848048148    move    1067.00       216.00        

89848048346    move    1067.00       214.00        

89848048445    move    1068.00       214.00        

89848048747    move    1070.00       214.00        

89848056364    move    1070.00       213.00        

89848056465    move    1071.00       213.00        

89848056763    move    1073.00       211.00        

89848057394    move    1074.00       211.00        

89848057464    move    1076.00       210.00        

89848057764    move    1077.00       210.00        

89848073088    move    1079.00       210.00        

89848073288    move    1079.00       208.00        

89848073387    move    1080.00       208.00        

89848073687    move    1082.00       208.00        

89848081477    move    1083.00       207.00        

89848081776    move    1085.00       207.00        

89848081977    move    1086.00       207.00        

89848089805    move    1088.00       207.00        

89848089903    move    1088.00       205.00        

89848090203    move    1089.00       205.00        

89848090304    move    1091.00       205.00        

89848098042    move    1092.00       205.00        

89848098341    move    1094.00       204.00        

89848098640    move    1095.00       204.00        

89848098741    move    1097.00       204.00        

89848106574    move    1098.00       202.00        

89848106872    move    1100.00       202.00        

89848114618    move    1101.00       202.00        

89848114804    move    1103.00       201.00        

89848115103    move    1104.00       201.00        

89848115404    move    1106.00       201.00        

89848123062    move    1107.00       201.00        

89848123170    move    1107.00       199.00        

89848123283    move    1109.00       199.00        

89848123482    move    1110.00       199.00        

89848131398    move    1112.00       199.00        

89848131493    move    1112.00       198.00        

89848131692    move    1113.00       198.00        

89848131992    move    1115.00       198.00        

89848132093    move    1116.00       198.00        

89848139824    move    1116.00       196.00        

89848139925    move    1118.00       196.00        

89848140110    move    1119.00       196.00        

89848140423    move    1121.00       196.00        

89848140524    move    1122.00       196.00        

89848148144    move    1122.00       195.00        

89848148244    move    1124.00       195.00        

89848148443    move    1125.00       195.00        

89848148745    move    1127.00       195.00        

89848156375    move    1128.00       193.00        

89848156678    move    1130.00       193.00        

89848156876    move    1131.00       193.00        

89848156973    move    1131.00       192.00        

89848157175    move    1133.00       192.00        

89848164844    move    1134.00       192.00        

89848164869    move    1136.00       192.00        

89848165080    move    1136.00       190.00        

89848165169    move    1137.00       190.00        

89848173273    move    1139.00       190.00        

89848173567    move    1140.00       189.00        

89848173868    move    1142.00       189.00        

89848181584    move    1143.00       189.00        

89848181783    move    1143.00       187.00        

89848181883    move    1145.00       187.00        

89848189726    move    1146.00       187.00        

89848190017    move    1148.00       187.00        

89848190216    move    1148.00       186.00        

89848190517    move    1149.00       186.00        

89848198254    move    1151.00       186.00        

89848198753    move    1152.00       186.00        

89848206475    move    1154.00       184.00        

89848206978    move    1155.00       184.00        

89848214841    move    1157.00       184.00        

89848215264    move    1158.00       184.00        

89848223362    move    1160.00       184.00        

89848231498    move    1161.00       184.00        

89848232195    move    1161.00       183.00        

89848239733    move    1163.00       183.00        

89848248273    move    1164.00       183.00        

89848257134    move    1166.00       183.00        

89848273248    move    1166.00       181.00        

89848289820    move    1167.00       181.00        

89848415649    move    1169.00       181.00        

89848431798    move    1170.00       181.00        

89848440274    move    1172.00       181.00        

