timeStamp      action  positionX     positionY     

start time: 93018648322

93018748014    move    855.00        522.00        

93018748114    move    855.00        520.00        

93018748301    move    857.00        520.00        

93018748714    move    858.00        520.00        

93018756550    move    860.00        519.00        

93018756849    move    861.00        519.00        

93018764814    move    863.00        517.00        

93018765068    move    864.00        517.00        

93018765369    move    866.00        517.00        

93018773107    move    867.00        517.00        

93018773317    move    867.00        516.00        

93018773403    move    869.00        516.00        

93018773702    move    870.00        516.00        

93018781456    move    872.00        516.00        

93018781666    move    873.00        516.00        

93018781967    move    875.00        516.00        

93018782069    move    875.00        514.00        

93018789789    move    876.00        514.00        

93018789887    move    878.00        514.00        

93018790089    move    879.00        514.00        

93018790388    move    881.00        514.00        

93018790488    move    882.00        514.00        

93018798224    move    884.00        514.00        

93018798322    move    885.00        514.00        

93018798523    move    887.00        514.00        

93018798622    move    888.00        514.00        

93018798824    move    890.00        514.00        

93018806579    move    893.00        514.00        

93018806650    move    894.00        514.00        

93018806850    move    896.00        514.00        

93018806950    move    897.00        514.00        

93018807150    move    899.00        514.00        

93018807311    move    891.00        514.00        

93018814786    move    902.00        514.00        

93018814972    move    903.00        514.00        

93018815086    move    906.00        514.00        

93018815273    move    908.00        514.00        

93018815386    move    911.00        514.00        

93018815575    move    912.00        514.00        

93018815684    move    915.00        514.00        

93018815945    move    917.00        514.00        

93018815985    move    920.00        514.00        

93018816186    move    923.00        514.00        

93018816285    move    926.00        514.00        

93018831562    move    927.00        514.00        

93018831660    move    930.00        515.00        

93018831861    move    933.00        515.00        

93018831960    move    935.00        515.00        

93018832161    move    938.00        515.00        

93018839985    move    944.00        517.00        

93018840071    move    947.00        517.00        

93018840283    move    950.00        517.00        

93018840370    move    951.00        517.00        

93018840584    move    954.00        518.00        

93018848111    move    957.00        518.00        

93018848312    move    962.00        518.00        

93018848411    move    965.00        518.00        

93018848612    move    968.00        518.00        

93018848712    move    971.00        520.00        

93018856651    move    980.00        521.00        

93018856750    move    983.00        521.00        

93018856950    move    987.00        521.00        

93018857051    move    990.00        521.00        

93018857299    move    974.00        520.00        

93018857389    move    977.00        520.00        

93018864897    move    993.00        523.00        

93018864995    move    996.00        523.00        

93018865195    move    999.00        523.00        

93018865295    move    1002.00       524.00        

93018865484    move    1005.00       524.00        

93018865597    move    1008.00       524.00        

93018873331    move    1011.00       524.00        

93018873430    move    1014.00       526.00        

93018873630    move    1017.00       526.00        

93018873730    move    1022.00       526.00        

93018873931    move    1025.00       527.00        

93018881465    move    1028.00       527.00        

93018881644    move    1031.00       527.00        

93018881758    move    1034.00       529.00        

93018881944    move    1037.00       529.00        

93018882055    move    1041.00       529.00        

93018882265    move    1044.00       530.00        

93018889894    move    1047.00       530.00        

93018890080    move    1050.00       530.00        

93018890192    move    1053.00       532.00        

93018890392    move    1055.00       532.00        

93018890481    move    1059.00       532.00        

93018898252    move    1065.00       533.00        

93018898451    move    1068.00       533.00        

93018898550    move    1071.00       533.00        

93018898650    move    1074.00       535.00        

93018898852    move    1077.00       535.00        

93018898951    move    1080.00       535.00        

93018899097    move    1062.00       532.00        

93018906762    move    1083.00       536.00        

93018906973    move    1086.00       536.00        

93018907059    move    1089.00       536.00        

93018907274    move    1092.00       536.00        

93018907374    move    1095.00       536.00        

93018914996    move    1098.00       538.00        

93018915094    move    1101.00       538.00        

93018915295    move    1103.00       538.00        

93018915393    move    1106.00       538.00        

93018915482    move    1109.00       538.00        

93018915696    move    1112.00       539.00        

93018915795    move    1113.00       539.00        

93018916073    move    1116.00       539.00        

93018916095    move    1119.00       539.00        

93018916294    move    1122.00       539.00        

93018916395    move    1124.00       539.00        

93018931679    move    1127.00       539.00        

93018931879    move    1128.00       539.00        

93018931978    move    1131.00       539.00        

93018932278    move    1134.00       541.00        

93018932378    move    1137.00       541.00        

93018940078    move    1140.00       541.00        

93018940107    move    1142.00       541.00        

93018940406    move    1145.00       541.00        

93018940497    move    1146.00       541.00        

93018948263    move    1149.00       541.00        

93018948355    move    1151.00       541.00        

93018948555    move    1152.00       541.00        

93018948644    move    1154.00       541.00        

93018948855    move    1157.00       541.00        

93018956701    move    1158.00       541.00        

93018956786    move    1161.00       541.00        

93018956998    move    1163.00       541.00        

93018957098    move    1164.00       541.00        

93018957299    move    1166.00       541.00        

93018957400    move    1167.00       541.00        

93018965132    move    1169.00       541.00        

93018965230    move    1170.00       541.00        

93018965531    move    1172.00       541.00        

93018965731    move    1173.00       541.00        

93018973370    move    1175.00       541.00        

93018973547    move    1176.00       541.00        

93018973646    move    1178.00       541.00        

93018973848    move    1179.00       541.00        

93018974148    move    1181.00       541.00        

93018981672    move    1182.00       541.00        

93018981972    move    1184.00       541.00        

93018982171    move    1185.00       541.00        

93018982271    move    1187.00       541.00        

93018990063    move    1188.00       540.00        

93018990201    move    1190.00       540.00        

93018990487    move    1191.00       540.00        

93018990602    move    1193.00       540.00        

93018990843    move    1187.00       540.00        

93018998542    move    1194.00       540.00        

93018998729    move    1196.00       540.00        

93018999041    move    1197.00       538.00        

93019006884    move    1199.00       538.00        

93019007183    move    1200.00       538.00        

93019007485    move    1202.00       538.00        

93019015199    move    1203.00       538.00        

93019015499    move    1205.00       538.00        

93019015586    move    1205.00       537.00        

93019015800    move    1206.00       537.00        

93019016187    move    1208.00       537.00        

93019031823    move    1209.00       537.00        

93019031974    move    1209.00       535.00        

93019032274    move    1211.00       535.00        

93019040628    move    1212.00       535.00        

93019040828    move    1212.00       534.00        

93019049044    move    1214.00       534.00        

93019057082    move    1214.00       532.00        

93019057481    move    1215.00       532.00        

93019065533    move    1215.00       531.00        

93019065832    move    1217.00       531.00        

93019073849    move    1217.00       529.00        

93019073948    move    1218.00       529.00        

93019081982    move    1220.00       529.00        

93019082094    move    1220.00       528.00        

93019090124    move    1221.00       528.00        

93019090416    move    1221.00       526.00        

93019090527    move    1223.00       526.00        

93019098584    move    1224.00       526.00        

93019098682    move    1224.00       525.00        

93019098982    move    1226.00       525.00        

93019099283    move    1227.00       523.00        

93019107292    move    1229.00       523.00        

93019107592    move    1230.00       522.00        

93019115423    move    1232.00       522.00        

93019115620    move    1232.00       520.00        

93019115720    move    1233.00       520.00        

93019116021    move    1235.00       520.00        

93019116310    move    1235.00       519.00        

93019116321    move    1236.00       519.00        

93019116621    move    1238.00       519.00        

93019131944    move    1239.00       517.00        

93019132175    move    1241.00       517.00        

93019132362    move    1241.00       516.00        

93019132476    move    1242.00       516.00        

93019133573    move    1238.00       517.00        

93019140645    move    1244.00       516.00        

93019140945    move    1245.00       514.00        

93019148641    move    1247.00       514.00        

93019149053    move    1248.00       514.00        

93019149155    move    1250.00       514.00        

93019156999    move    1251.00       513.00        

93019157297    move    1253.00       513.00        

93019157486    move    1254.00       513.00        

93019165354    move    1256.00       513.00        

93019165653    move    1257.00       513.00        

93019166054    move    1259.00       513.00        

93019173753    move    1260.00       513.00        

93019174051    move    1262.00       513.00        

93019181895    move    1263.00       513.00        

93019182195    move    1265.00       513.00        

93019190242    move    1266.00       513.00        

93019190525    move    1268.00       513.00        

93019190824    move    1269.00       513.00        

93019198761    move    1271.00       513.00        

93019199056    move    1272.00       513.00        

93019207110    move    1274.00       513.00        

93019207411    move    1275.00       513.00        

93019215225    move    1277.00       513.00        

93019215721    move    1278.00       513.00        

93019216022    move    1280.00       513.00        

93019216622    move    1281.00       513.00        

93019232092    move    1283.00       513.00        

93019232611    move    1284.00       513.00        

93019240849    move    1286.00       513.00        

93019249189    move    1287.00       513.00        

93019257726    move    1289.00       513.00        

93019273862    move    1290.00       513.00        

93019282592    move    1292.00       513.00        

93019299190    move    1293.00       513.00        

93019316147    move    1295.00       513.00        

93019332705    move    1296.00       514.00        

93019333792    move    1295.00       514.00        

93019349173    move    1298.00       514.00        

93019365562    move    1299.00       514.00        

93019365660    move    1299.00       515.00        

93019374187    move    1301.00       515.00        

93019390566    move    1302.00       515.00        

93019399480    move    1304.00       515.00        

93019415451    move    1305.00       515.00        

93019416348    move    1307.00       515.00        

93019432621    move    1308.00       515.00        

93019441274    move    1310.00       515.00        

93019457634    move    1311.00       515.00        

93019474101    move    1313.00       515.00        

93019490665    move    1314.00       515.00        

