timeStamp      action  positionX     positionY     

start time: 65214735481

65214752508    move    836.00        509.00        

65214760606    move    836.00        508.00        

65214768569    move    836.00        506.00        

65214768759    move    836.00        505.00        

65214769058    move    836.00        503.00        

65214769286    move    835.00        503.00        

65214776905    move    835.00        502.00        

65214777112    move    835.00        500.00        

65214777346    move    835.00        499.00        

65214777526    move    835.00        497.00        

65214785227    move    834.00        496.00        

65214785340    move    834.00        494.00        

65214785526    move    834.00        493.00        

65214785626    move    834.00        491.00        

65214785748    move    834.00        490.00        

65214785819    move    832.00        488.00        

65214793675    move    832.00        487.00        

65214793800    move    832.00        485.00        

65214793862    move    831.00        484.00        

65214793991    move    831.00        482.00        

65214794074    move    831.00        481.00        

65214794271    move    829.00        479.00        

65214794372    move    829.00        478.00        

65214801864    move    829.00        476.00        

65214801979    move    829.00        475.00        

65214802078    move    828.00        473.00        

65214802182    move    828.00        472.00        

65214802282    move    828.00        470.00        

65214802383    move    826.00        467.00        

65214802482    move    826.00        466.00        

65214802679    move    826.00        464.00        

65214810334    move    825.00        460.00        

65214810398    move    825.00        458.00        

65214810498    move    823.00        457.00        

65214810585    move    823.00        455.00        

65214810698    move    823.00        452.00        

65214810794    move    822.00        451.00        

65214810893    move    822.00        449.00        

65214810991    move    820.00        448.00        

65214811091    move    820.00        445.00        

65214811138    move    825.00        461.00        

65214818628    move    820.00        443.00        

65214818775    move    819.00        442.00        

65214818838    move    819.00        439.00        

65214818941    move    819.00        437.00        

65214819023    move    817.00        436.00        

65214819148    move    817.00        433.00        

65214827028    move    817.00        431.00        

65214827131    move    816.00        430.00        

65214827227    move    816.00        427.00        

65214827327    move    814.00        424.00        

65214827425    move    814.00        422.00        

65214827527    move    814.00        419.00        

65214827723    move    813.00        418.00        

65214835306    move    813.00        413.00        

65214835385    move    811.00        410.00        

65214835504    move    811.00        409.00        

65214835604    move    811.00        406.00        

65214835709    move    810.00        404.00        

65214835804    move    810.00        401.00        

65214835898    move    810.00        400.00        

65214836004    move    808.00        397.00        

65214843657    move    808.00        395.00        

65214843761    move    808.00        392.00        

65214843850    move    807.00        389.00        

65214843965    move    807.00        388.00        

65214844062    move    807.00        385.00        

65214844160    move    805.00        383.00        

65214844248    move    805.00        379.00        

65214844356    move    804.00        377.00        

65214852004    move    804.00        371.00        

65214852117    move    802.00        370.00        

65214852206    move    802.00        367.00        

65214852309    move    802.00        364.00        

65214852405    move    801.00        362.00        

65214852600    move    801.00        359.00        

65214852700    move    801.00        356.00        

65214852856    move    804.00        374.00        

65214860458    move    801.00        355.00        

65214860554    move    799.00        352.00        

65214860673    move    799.00        349.00        

65214860766    move    798.00        346.00        

65214860860    move    798.00        344.00        

65214860969    move    798.00        341.00        

65214861069    move    796.00        338.00        

65214861161    move    796.00        337.00        

65214868736    move    796.00        334.00        

65214868841    move    795.00        329.00        

65214868937    move    795.00        326.00        

65214869038    move    795.00        325.00        

65214869134    move    793.00        322.00        

65214869234    move    793.00        319.00        

65214869329    move    793.00        317.00        

65214869432    move    792.00        314.00        

65214877057    move    792.00        311.00        

65214877140    move    792.00        308.00        

65214877237    move    792.00        307.00        

65214877339    move    790.00        304.00        

65214877432    move    790.00        301.00        

65214877644    move    790.00        299.00        

65214877736    move    789.00        296.00        

65214877836    move    789.00        293.00        

65214885441    move    789.00        292.00        

65214885526    move    789.00        289.00        

65214885640    move    789.00        287.00        

65214885740    move    787.00        284.00        

65214885826    move    787.00        281.00        

65214885941    move    787.00        278.00        

65214886041    move    787.00        275.00        

65214886134    move    786.00        274.00        

65214893875    move    786.00        269.00        

65214893892    move    786.00        268.00        

65214893993    move    786.00        265.00        

65214894105    move    786.00        263.00        

65214894193    move    786.00        260.00        

65214894280    move    786.00        259.00        

65214894388    move    786.00        257.00        

65214894622    move    786.00        271.00        

65214901996    move    784.00        254.00        

65214902092    move    784.00        253.00        

65214902196    move    784.00        251.00        

65214902291    move    784.00        250.00        

65214902375    move    784.00        247.00        

65214902588    move    784.00        245.00        

65214902683    move    784.00        244.00        

65214902783    move    784.00        241.00        

65214910445    move    784.00        239.00        

65214910535    move    784.00        238.00        

65214910651    move    784.00        236.00        

65214910748    move    784.00        235.00        

65214910849    move    784.00        233.00        

65214910949    move    784.00        232.00        

65214911046    move    784.00        230.00        

65214911144    move    784.00        229.00        

65214911244    move    785.00        227.00        

65214911346    move    785.00        226.00        

65214918789    move    785.00        224.00        

65214918932    move    785.00        223.00        

65214918974    move    785.00        221.00        

65214919073    move    785.00        220.00        

65214919160    move    787.00        220.00        

65214919270    move    787.00        218.00        

65214926995    move    787.00        217.00        

65214927079    move    787.00        215.00        

65214927194    move    788.00        214.00        

65214927294    move    788.00        212.00        

65214927502    move    788.00        211.00        

65214927598    move    788.00        209.00        

65214927691    move    790.00        208.00        

65214927790    move    790.00        206.00        

65214935544    move    790.00        205.00        

65214935643    move    791.00        203.00        

65214935842    move    791.00        200.00        

65214935942    move    791.00        199.00        

65214936039    move    793.00        197.00        

65214943850    move    793.00        194.00        

65214943890    move    794.00        193.00        

65214943997    move    794.00        191.00        

65214944105    move    794.00        190.00        

65214944200    move    794.00        188.00        

65214944292    move    796.00        187.00        

65214944410    move    796.00        185.00        

65214944609    move    793.00        196.00        

65214952045    move    796.00        184.00        

65214952119    move    796.00        182.00        

65214952227    move    796.00        181.00        

65214952434    move    796.00        179.00        

65214952543    move    797.00        178.00        

65214952636    move    797.00        176.00        

65214952728    move    797.00        175.00        

65214952833    move    797.00        173.00        

65214960543    move    797.00        172.00        

65214960641    move    797.00        170.00        

65214960743    move    799.00        169.00        

65214960847    move    799.00        167.00        

65214960947    move    799.00        166.00        

65214961145    move    799.00        164.00        

65214961253    move    799.00        163.00        

65214968796    move    799.00        161.00        

65214968864    move    799.00        158.00        

65214968966    move    800.00        158.00        

65214969055    move    800.00        157.00        

65214969173    move    800.00        155.00        

65214969276    move    800.00        154.00        

65214969362    move    800.00        152.00        

65214969463    move    800.00        151.00        

65214977133    move    800.00        149.00        

65214977327    move    800.00        148.00        

65214977523    move    800.00        146.00        

65214977627    move    800.00        145.00        

65214977730    move    802.00        143.00        

65214977924    move    802.00        142.00        

65214985619    move    802.00        139.00        

65214985781    move    802.00        137.00        

65214985867    move    802.00        136.00        

65214985977    move    802.00        134.00        

65214986166    move    803.00        133.00        

65214986397    move    802.00        140.00        

65214993797    move    803.00        131.00        

65214993979    move    803.00        130.00        

65214994068    move    803.00        128.00        

65214994280    move    803.00        127.00        

65214994477    move    805.00        125.00        

65215002090    move    805.00        124.00        

65215002410    move    805.00        122.00        

65215002601    move    805.00        121.00        

65215002789    move    806.00        119.00        

65215010565    move    806.00        118.00        

65215010676    move    806.00        116.00        

65215010866    move    808.00        115.00        

65215011165    move    808.00        113.00        

65215011357    move    809.00        112.00        

65215018912    move    809.00        110.00        

65215019122    move    809.00        109.00        

65215019224    move    811.00        109.00        

65215019414    move    811.00        107.00        

65215027256    move    812.00        106.00        

65215027685    move    812.00        104.00        

65215027751    move    814.00        104.00        

65215027855    move    814.00        103.00        

65215035613    move    815.00        101.00        

65215035863    move    815.00        100.00        

65215036049    move    817.00        100.00        

65215044040    move    817.00        98.00         

65215044223    move    818.00        98.00         

65215044331    move    818.00        97.00         

65215044633    move    820.00        97.00         

65215044732    move    820.00        95.00         

65215052794    move    821.00        94.00         

65215060956    move    821.00        92.00         

65215061044    move    823.00        92.00         

65215069241    move    824.00        91.00         

65215077648    move    826.00        91.00         

65215077963    move    826.00        89.00         

65215093914    move    827.00        89.00         

65215094213    move    827.00        88.00         

65215102856    move    827.00        86.00         

65215110964    move    829.00        86.00         

65215111066    move    829.00        85.00         

65215111865    move    829.00        83.00         

65215127454    move    829.00        82.00         

65215127954    move    829.00        80.00         

65215136191    move    829.00        79.00         

65215144506    move    830.00        77.00         

65215152466    move    830.00        76.00         

65215160805    move    830.00        74.00         

65215161392    move    832.00        74.00         

65215169839    move    832.00        73.00         

65215177488    move    832.00        71.00         

65215178168    move    833.00        71.00         

65215185790    move    833.00        70.00         

65215194132    move    833.00        68.00         

65215202460    move    835.00        68.00         

65215202547    move    835.00        67.00         

65215211387    move    835.00        64.00         

65215211635    move    835.00        65.00         

65215219538    move    836.00        62.00         

65215227847    move    836.00        61.00         

65215236006    move    836.00        59.00         

65215244093    move    838.00        59.00         

65215244184    move    838.00        58.00         

65215253207    move    838.00        55.00         

65215253458    move    838.00        56.00         

65215260790    move    839.00        55.00         

65215261400    move    839.00        53.00         

65215269674    move    839.00        52.00         

65215269870    move    841.00        52.00         

65215277962    move    841.00        50.00         

