timeStamp      action  positionX     positionY     

start time: 62539148155

62539281990    move    833.00        508.00        

62539289685    move    832.00        507.00        

62539289816    move    832.00        505.00        

62539289929    move    830.00        504.00        

62539290585    move    833.00        507.00        

62539297972    move    830.00        502.00        

62539298083    move    829.00        502.00        

62539298183    move    829.00        501.00        

62539298270    move    827.00        501.00        

62539298382    move    827.00        499.00        

62539298569    move    826.00        498.00        

62539298683    move    826.00        496.00        

62539306315    move    824.00        496.00        

62539306413    move    824.00        495.00        

62539306612    move    823.00        493.00        

62539306814    move    821.00        492.00        

62539306912    move    821.00        490.00        

62539307015    move    820.00        490.00        

62539314548    move    820.00        489.00        

62539314640    move    818.00        487.00        

62539314939    move    817.00        486.00        

62539315126    move    815.00        484.00        

62539315239    move    815.00        483.00        

62539315339    move    814.00        483.00        

62539322950    move    814.00        481.00        

62539323062    move    812.00        480.00        

62539323249    move    811.00        478.00        

62539323462    move    809.00        477.00        

62539323561    move    809.00        475.00        

62539323663    move    808.00        475.00        

62539331300    move    806.00        472.00        

62539331398    move    805.00        472.00        

62539331496    move    805.00        471.00        

62539331596    move    803.00        469.00        

62539331795    move    802.00        468.00        

62539331898    move    800.00        466.00        

62539332145    move    808.00        474.00        

62539339848    move    799.00        465.00        

62539340048    move    797.00        463.00        

62539340147    move    797.00        462.00        

62539340234    move    796.00        462.00        

62539340347    move    796.00        460.00        

62539340449    move    794.00        460.00        

62539347955    move    794.00        459.00        

62539348067    move    793.00        459.00        

62539348167    move    791.00        457.00        

62539348367    move    790.00        456.00        

62539348566    move    788.00        454.00        

62539356313    move    787.00        453.00        

62539356511    move    785.00        451.00        

62539356612    move    784.00        450.00        

62539356810    move    782.00        448.00        

62539357012    move    781.00        447.00        

62539357111    move    779.00        447.00        

62539364843    move    779.00        445.00        

62539364930    move    778.00        445.00        

62539365042    move    778.00        444.00        

62539365142    move    776.00        442.00        

62539365330    move    775.00        441.00        

62539373146    move    772.00        439.00        

62539373180    move    772.00        438.00        

62539373279    move    770.00        438.00        

62539373379    move    769.00        436.00        

62539373479    move    769.00        435.00        

62539373579    move    767.00        433.00        

62539373681    move    766.00        433.00        

62539373928    move    773.00        439.00        

62539381333    move    766.00        432.00        

62539381412    move    764.00        430.00        

62539381512    move    763.00        430.00        

62539381611    move    763.00        429.00        

62539381711    move    761.00        427.00        

62539381798    move    760.00        427.00        

62539381910    move    760.00        426.00        

62539382014    move    758.00        424.00        

62539382312    move    757.00        423.00        

62539382401    move    755.00        421.00        

62539382512    move    755.00        420.00        

62539382610    move    754.00        420.00        

62539382710    move    752.00        418.00        

62539382799    move    751.00        417.00        

62539398078    move    749.00        415.00        

62539398177    move    748.00        414.00        

62539398277    move    746.00        412.00        

62539398376    move    746.00        411.00        

62539398476    move    745.00        411.00        

62539398576    move    743.00        409.00        

62539398676    move    743.00        408.00        

62539398779    move    742.00        406.00        

62539406440    move    740.00        406.00        

62539406520    move    740.00        405.00        

62539406606    move    739.00        403.00        

62539406719    move    737.00        402.00        

62539406907    move    736.00        400.00        

62539407019    move    734.00        399.00        

62539414745    move    733.00        397.00        

62539414843    move    731.00        396.00        

62539414944    move    731.00        394.00        

62539415043    move    730.00        394.00        

62539415143    move    728.00        393.00        

62539415243    move    727.00        391.00        

62539415448    move    725.00        390.00        

62539423137    move    722.00        387.00        

62539423161    move    722.00        385.00        

62539423260    move    721.00        385.00        

62539423360    move    719.00        384.00        

62539423460    move    719.00        382.00        

62539423560    move    718.00        382.00        

62539423662    move    718.00        381.00        

62539423917    move    724.00        388.00        

62539431437    move    716.00        379.00        

62539431528    move    715.00        379.00        

62539431615    move    715.00        378.00        

62539431727    move    713.00        376.00        

62539431827    move    712.00        376.00        

62539431914    move    712.00        375.00        

62539432026    move    710.00        373.00        

62539439862    move    709.00        372.00        

62539439960    move    707.00        370.00        

62539440160    move    706.00        369.00        

62539440260    move    704.00        367.00        

62539440360    move    704.00        366.00        

62539440448    move    703.00        366.00        

62539440562    move    703.00        364.00        

62539448075    move    701.00        363.00        

62539448275    move    700.00        361.00        

62539448374    move    698.00        360.00        

62539448575    move    697.00        358.00        

62539448674    move    697.00        357.00        

62539448775    move    695.00        357.00        

62539456437    move    695.00        355.00        

62539456519    move    694.00        354.00        

62539456718    move    692.00        352.00        

62539456906    move    691.00        351.00        

62539457018    move    691.00        349.00        

62539457220    move    689.00        349.00        

62539464889    move    688.00        346.00        

62539465047    move    686.00        345.00        

62539465147    move    686.00        343.00        

62539465247    move    685.00        343.00        

62539465348    move    685.00        342.00        

62539465449    move    683.00        342.00        

62539465692    move    689.00        348.00        

62539473203    move    683.00        340.00        

62539473289    move    683.00        339.00        

62539473401    move    682.00        339.00        

62539473588    move    680.00        337.00        

62539473700    move    680.00        336.00        

62539473800    move    679.00        336.00        

62539473902    move    679.00        334.00        

62539481424    move    679.00        333.00        

62539481510    move    677.00        333.00        

62539481599    move    677.00        331.00        

62539481710    move    676.00        331.00        

62539481810    move    676.00        330.00        

62539482110    move    674.00        328.00        

62539482211    move    674.00        327.00        

62539482410    move    673.00        325.00        

62539482612    move    671.00        324.00        

62539482810    move    671.00        322.00        

62539482898    move    670.00        322.00        

62539483012    move    670.00        321.00        

62539498394    move    668.00        319.00        

62539498579    move    668.00        318.00        

62539498691    move    667.00        318.00        

62539498790    move    667.00        316.00        

62539498992    move    665.00        315.00        

62539506642    move    665.00        313.00        

62539506818    move    664.00        312.00        

62539507220    move    662.00        310.00        

62539514961    move    662.00        309.00        

62539515149    move    661.00        307.00        

62539515448    move    661.00        306.00        

62539515561    move    659.00        306.00        

62539523276    move    659.00        304.00        

62539523487    move    658.00        303.00        

62539523789    move    658.00        301.00        

62539523889    move    656.00        301.00        

62539531624    move    656.00        300.00        

62539531824    move    655.00        300.00        

62539531923    move    655.00        298.00        

62539532325    move    653.00        297.00        

62539540246    move    653.00        295.00        

62539540357    move    652.00        295.00        

62539540545    move    652.00        294.00        

62539548285    move    650.00        294.00        

62539548497    move    650.00        292.00        

62539548796    move    649.00        291.00        

62539556637    move    647.00        291.00        

62539556717    move    647.00        289.00        

62539564964    move    646.00        288.00        

62539565475    move    644.00        288.00        

62539565561    move    644.00        286.00        

62539573400    move    643.00        286.00        

62539573598    move    643.00        285.00        

62539573898    move    641.00        285.00        

62539581637    move    641.00        283.00        

62539581935    move    640.00        283.00        

62539582424    move    638.00        282.00        

62539582936    move    637.00        282.00        

62539583035    move    637.00        280.00        

62539598292    move    635.00        280.00        

62539598789    move    634.00        279.00        

62539606849    move    632.00        279.00        

62539607232    move    632.00        277.00        

62539607345    move    631.00        277.00        

62539615170    move    629.00        276.00        

62539615468    move    628.00        276.00        

62539623307    move    626.00        274.00        

62539623602    move    625.00        274.00        

62539623801    move    625.00        273.00        

62539623901    move    623.00        273.00        

62539624103    move    622.00        273.00        

62539631741    move    622.00        271.00        

62539632040    move    620.00        271.00        

62539632227    move    619.00        271.00        

62539632328    move    619.00        270.00        

62539632443    move    617.00        270.00        

62539640123    move    616.00        268.00        

62539640247    move    614.00        268.00        

62539640446    move    613.00        267.00        

62539640647    move    611.00        267.00        

62539648398    move    610.00        265.00        

62539648597    move    608.00        265.00        

62539648697    move    608.00        264.00        

62539648784    move    607.00        264.00        

62539648898    move    605.00        264.00        

62539649098    move    604.00        262.00        

62539656935    move    602.00        262.00        

62539657046    move    602.00        261.00        

62539657146    move    601.00        261.00        

62539657334    move    599.00        261.00        

62539657448    move    599.00        259.00        

62539665065    move    598.00        259.00        

62539665265    move    596.00        259.00        

62539665365    move    596.00        258.00        

62539665464    move    595.00        258.00        

62539665665    move    593.00        258.00        

62539673424    move    592.00        256.00        

62539673600    move    590.00        256.00        

62539673811    move    589.00        255.00        

62539674011    move    587.00        255.00        

62539674212    move    586.00        253.00        

62539681938    move    584.00        253.00        

62539682137    move    584.00        252.00        

62539682236    move    583.00        252.00        

62539682440    move    581.00        252.00        

62539682638    move    581.00        250.00        

62539682740    move    580.00        250.00        

62539682939    move    578.00        250.00        

62539683036    move    578.00        249.00        

62539683237    move    577.00        249.00        

62539698615    move    574.00        247.00        

62539698713    move    574.00        246.00        

62539698914    move    572.00        246.00        

62539699115    move    571.00        244.00        

62539700204    move    575.00        247.00        

62539707158    move    569.00        244.00        

62539707257    move    569.00        243.00        

62539707356    move    568.00        243.00        

62539715074    move    566.00        241.00        

62539715274    move    565.00        241.00        

62539715373    move    565.00        240.00        

62539715574    move    563.00        240.00        

62539715774    move    562.00        238.00        

62539723596    move    560.00        238.00        

62539723707    move    560.00        237.00        

62539723807    move    559.00        237.00        

62539724108    move    557.00        235.00        

62539732050    move    556.00        235.00        

62539732147    move    556.00        234.00        

62539732348    move    554.00        234.00        

62539740469    move    551.00        232.00        

62539740580    move    551.00        231.00        

62539741038    move    553.00        232.00        

62539748428    move    550.00        231.00        

62539748618    move    550.00        229.00        

62539748816    move    548.00        229.00        

62539756852    move    548.00        228.00        

62539756950    move    547.00        228.00        

62539757551    move    545.00        226.00        

62539765685    move    544.00        225.00        

62539773825    move    542.00        223.00        

62539781955    move    542.00        222.00        

62539782053    move    541.00        222.00        

62539782440    move    541.00        220.00        

62539782655    move    539.00        220.00        

62539790276    move    539.00        219.00        

62539790486    move    538.00        219.00        

62539798631    move    538.00        217.00        

62539798930    move    536.00        217.00        

62539799330    move    536.00        216.00        

62539807166    move    535.00        216.00        

62539807365    move    535.00        214.00        

62539807666    move    533.00        214.00        

62539815388    move    533.00        213.00        

62539815686    move    532.00        213.00        

62539823625    move    532.00        211.00        

62539823724    move    530.00        211.00        

62539832013    move    529.00        210.00        

62539832555    move    529.00        208.00        

62539832789    move    530.00        210.00        

62539840318    move    527.00        208.00        

62539848527    move    527.00        207.00        

62539848726    move    526.00        207.00        

62539857169    move    526.00        205.00        

62539865605    move    524.00        204.00        

62539873935    move    524.00        202.00        

62539882166    move    523.00        202.00        

62539882364    move    523.00        201.00        

62539883166    move    523.00        199.00        

62539883363    move    521.00        199.00        

62539899224    move    521.00        198.00        

62539907175    move    520.00        198.00        

62539907572    move    520.00        196.00        

62539915488    move    518.00        196.00        

62539915899    move    518.00        195.00        

62539923759    move    517.00        195.00        

62539932280    move    517.00        193.00        

62539932378    move    515.00        193.00        

62539940607    move    514.00        193.00        

62539941018    move    514.00        192.00        

62539949135    move    512.00        192.00        

62539957683    move    511.00        192.00        

62539965505    move    511.00        190.00        

62539973851    move    509.00        190.00        

62539982466    move    508.00        190.00        

62539990555    move    508.00        189.00        

