timeStamp      action  positionX     positionY     

start time: 62119696144

62119971742    move    839.00        509.00        

62119972140    move    839.00        508.00        

62119980092    move    839.00        506.00        

62119980390    move    839.00        505.00        

62119980477    move    840.00        505.00        

62119980593    move    840.00        503.00        

62119988424    move    840.00        502.00        

62119988623    move    840.00        500.00        

62119988823    move    840.00        499.00        

62119996452    move    840.00        497.00        

62119996649    move    840.00        496.00        

62119996736    move    842.00        496.00        

62119996848    move    842.00        494.00        

62119997147    move    842.00        493.00        

62120004883    move    842.00        491.00        

62120005093    move    842.00        490.00        

62120005293    move    843.00        488.00        

62120005393    move    843.00        487.00        

62120005493    move    843.00        485.00        

62120013319    move    843.00        482.00        

62120013418    move    843.00        481.00        

62120013617    move    845.00        479.00        

62120013818    move    845.00        478.00        

62120013918    move    845.00        476.00        

62120014070    move    843.00        484.00        

62120021656    move    845.00        475.00        

62120021755    move    845.00        473.00        

62120021954    move    845.00        472.00        

62120022142    move    845.00        470.00        

62120022255    move    845.00        469.00        

62120022358    move    846.00        467.00        

62120029991    move    846.00        466.00        

62120030089    move    846.00        464.00        

62120030189    move    846.00        463.00        

62120030289    move    846.00        461.00        

62120030489    move    846.00        460.00        

62120030591    move    848.00        458.00        

62120030691    move    848.00        457.00        

62120030790    move    848.00        455.00        

62120030891    move    848.00        454.00        

62120031091    move    848.00        452.00        

62120031177    move    848.00        451.00        

62120031289    move    848.00        449.00        

62120031391    move    848.00        448.00        

62120031491    move    848.00        446.00        

62120046656    move    848.00        445.00        

62120046755    move    848.00        443.00        

62120046842    move    848.00        442.00        

62120047054    move    849.00        440.00        

62120047142    move    849.00        439.00        

62120047243    move    849.00        437.00        

62120047356    move    849.00        436.00        

62120055075    move    849.00        433.00        

62120055199    move    849.00        431.00        

62120055298    move    849.00        430.00        

62120055398    move    849.00        428.00        

62120055498    move    849.00        427.00        

62120055602    move    849.00        425.00        

62120055834    move    849.00        434.00        

62120063244    move    849.00        424.00        

62120063323    move    849.00        422.00        

62120063409    move    849.00        421.00        

62120063522    move    849.00        419.00        

62120063622    move    849.00        418.00        

62120063710    move    849.00        416.00        

62120063821    move    849.00        415.00        

62120063924    move    849.00        413.00        

62120064023    move    849.00        412.00        

62120071644    move    849.00        410.00        

62120071742    move    849.00        409.00        

62120072046    move    849.00        407.00        

62120072143    move    849.00        406.00        

62120072231    move    849.00        404.00        

62120072345    move    849.00        403.00        

62120080003    move    849.00        401.00        

62120080101    move    849.00        400.00        

62120080201    move    849.00        398.00        

62120080401    move    849.00        397.00        

62120080501    move    849.00        395.00        

62120080601    move    849.00        394.00        

62120080702    move    849.00        392.00        

62120088360    move    849.00        391.00        

62120088450    move    849.00        389.00        

62120088536    move    849.00        388.00        

62120088649    move    849.00        386.00        

62120088836    move    849.00        385.00        

62120088950    move    849.00        383.00        

62120089050    move    851.00        382.00        

62120089151    move    851.00        380.00        

62120096656    move    851.00        379.00        

62120096855    move    851.00        377.00        

62120097054    move    851.00        376.00        

62120097154    move    851.00        374.00        

62120097243    move    851.00        373.00        

62120097356    move    851.00        371.00        

62120105086    move    851.00        367.00        

62120105183    move    851.00        365.00        

62120105383    move    851.00        364.00        

62120105482    move    851.00        362.00        

62120105584    move    851.00        361.00        

62120105828    move    851.00        370.00        

62120113338    move    851.00        359.00        

62120113437    move    851.00        358.00        

62120113524    move    851.00        356.00        

62120113736    move    851.00        355.00        

62120113823    move    851.00        353.00        

62120113936    move    851.00        352.00        

62120114036    move    851.00        350.00        

62120114137    move    851.00        349.00        

62120121780    move    851.00        347.00        

62120122081    move    851.00        344.00        

62120122279    move    851.00        343.00        

62120122367    move    851.00        341.00        

62120122480    move    851.00        338.00        

62120130098    move    851.00        337.00        

62120130197    move    851.00        335.00        

62120130297    move    851.00        334.00        

62120130384    move    851.00        332.00        

62120130497    move    851.00        331.00        

62120130596    move    851.00        329.00        

62120130698    move    851.00        328.00        

62120130798    move    851.00        326.00        

62120138335    move    851.00        325.00        

62120138500    move    851.00        323.00        

62120138544    move    851.00        322.00        

62120138643    move    851.00        320.00        

62120138743    move    851.00        319.00        

62120138946    move    851.00        317.00        

62120146961    move    851.00        313.00        

62120147060    move    851.00        311.00        

62120147160    move    851.00        310.00        

62120147263    move    851.00        308.00        

62120147426    move    851.00        314.00        

62120155121    move    851.00        307.00        

62120155205    move    851.00        305.00        

62120155316    move    851.00        304.00        

62120155504    move    851.00        302.00        

62120155618    move    851.00        301.00        

62120155820    move    851.00        299.00        

62120155918    move    850.00        298.00        

62120163533    move    850.00        296.00        

62120163632    move    850.00        295.00        

62120163732    move    850.00        293.00        

62120163932    move    850.00        292.00        

62120164135    move    850.00        290.00        

62120171783    move    850.00        289.00        

62120172082    move    850.00        287.00        

62120172281    move    850.00        286.00        

62120172483    move    848.00        284.00        

62120180200    move    848.00        283.00        

62120180411    move    848.00        281.00        

62120180611    move    848.00        280.00        

62120180815    move    848.00        278.00        

62120188649    move    848.00        275.00        

62120188748    move    847.00        275.00        

62120188948    move    847.00        274.00        

62120189151    move    847.00        272.00        

62120189396    move    848.00        277.00        

62120197056    move    847.00        271.00        

62120197356    move    847.00        269.00        

62120197469    move    845.00        269.00        

62120205208    move    845.00        268.00        

62120205419    move    845.00        266.00        

62120205719    move    845.00        265.00        

62120205921    move    844.00        265.00        

62120213551    move    844.00        263.00        

62120213850    move    844.00        262.00        

62120214151    move    844.00        260.00        

62120221880    move    842.00        260.00        

62120222090    move    842.00        259.00        

62120222390    move    842.00        257.00        

62120230114    move    842.00        256.00        

62120230199    move    841.00        256.00        

62120230412    move    841.00        254.00        

62120230812    move    841.00        253.00        

62120238515    move    839.00        251.00        

62120238731    move    839.00        250.00        

62120239488    move    841.00        251.00        

62120246992    move    839.00        248.00        

62120247388    move    839.00        247.00        

62120255244    move    838.00        247.00        

62120255336    move    838.00        245.00        

62120255735    move    838.00        244.00        

62120263551    move    838.00        242.00        

62120263848    move    838.00        241.00        

62120271982    move    838.00        239.00        

62120272168    move    836.00        239.00        

62120272380    move    836.00        238.00        

62120280217    move    836.00        236.00        

62120280613    move    836.00        235.00        

62120288559    move    836.00        233.00        

62120288744    move    835.00        233.00        

62120288857    move    835.00        232.00        

62120296878    move    835.00        230.00        

62120297187    move    835.00        229.00        

62120297588    move    833.00        227.00        

62120305328    move    833.00        226.00        

62120305716    move    833.00        224.00        

62120306028    move    833.00        223.00        

62120313767    move    832.00        223.00        

62120313853    move    832.00        221.00        

62120314254    move    832.00        220.00        

62120322186    move    832.00        217.00        

62120322386    move    830.00        215.00        

62120322833    move    832.00        218.00        

62120330234    move    830.00        214.00        

62120330523    move    830.00        212.00        

62120330710    move    830.00        211.00        

62120331024    move    830.00        209.00        

62120331223    move    830.00        208.00        

62120331312    move    829.00        208.00        

62120331524    move    829.00        206.00        

62120331711    move    829.00        205.00        

62120347022    move    829.00        203.00        

62120347317    move    829.00        202.00        

62120347517    move    829.00        200.00        

62120347718    move    829.00        199.00        

62120355451    move    829.00        197.00        

62120355649    move    827.00        196.00        

62120355838    move    827.00        194.00        

62120356051    move    827.00        193.00        

62120363661    move    827.00        191.00        

62120363859    move    827.00        190.00        

62120364159    move    827.00        188.00        

62120364361    move    827.00        187.00        

62120372069    move    827.00        185.00        

62120372193    move    827.00        184.00        

62120372392    move    827.00        182.00        

62120372593    move    826.00        181.00        

62120380442    move    826.00        179.00        

62120380640    move    826.00        178.00        

62120380828    move    826.00        176.00        

62120381044    move    826.00        175.00        

62120388617    move    826.00        173.00        

62120388812    move    826.00        172.00        

62120389110    move    826.00        170.00        

62120389313    move    824.00        169.00        

62120397095    move    824.00        167.00        

62120397293    move    824.00        166.00        

62120397493    move    824.00        164.00        

62120397692    move    824.00        163.00        

62120397794    move    824.00        161.00        

62120397981    move    824.00        160.00        

62120398194    move    824.00        158.00        

62120398393    move    824.00        157.00        

62120398595    move    823.00        155.00        

62120413853    move    823.00        152.00        

62120414152    move    823.00        151.00        

62120414356    move    823.00        149.00        

62120415445    move    823.00        154.00        

62120422096    move    823.00        148.00        

62120422208    move    823.00        146.00        

62120422395    move    823.00        145.00        

62120422607    move    823.00        143.00        

62120430349    move    823.00        142.00        

62120430538    move    823.00        140.00        

62120430737    move    823.00        139.00        

62120430838    move    823.00        137.00        

62120431038    move    823.00        136.00        

62120431338    move    823.00        134.00        

62120431539    move    823.00        133.00        

62120431737    move    823.00        131.00        

62120431942    move    823.00        130.00        

62120447197    move    823.00        128.00        

62120447409    move    823.00        127.00        

62120447609    move    823.00        125.00        

62120447810    move    823.00        124.00        

62120455741    move    821.00        121.00        

62120455941    move    821.00        119.00        

62120456142    move    821.00        118.00        

62120456387    move    821.00        122.00        

62120463873    move    821.00        116.00        

62120464271    move    821.00        115.00        

62120464474    move    821.00        113.00        

62120472302    move    821.00        112.00        

62120472602    move    821.00        110.00        

62120472903    move    821.00        109.00        

62120480649    move    821.00        107.00        

62120480947    move    821.00        106.00        

62120481248    move    821.00        104.00        

62120489069    move    821.00        103.00        

62120489483    move    821.00        101.00        

62120497304    move    821.00        100.00        

62120497603    move    821.00        98.00         

62120505840    move    821.00        95.00         

62120506384    move    821.00        97.00         

62120514090    move    821.00        94.00         

62120514489    move    821.00        92.00         

62120522426    move    821.00        91.00         

62120522825    move    822.00        91.00         

62120523029    move    822.00        89.00         

62120530948    move    822.00        88.00         

62120531648    move    822.00        86.00         

62120532050    move    822.00        85.00         

62120547513    move    822.00        83.00         

62120555669    move    822.00        82.00         

62120556158    move    822.00        80.00         

62120564187    move    822.00        79.00         

62120564586    move    821.00        79.00         

62120572235    move    821.00        77.00         

62120572717    move    821.00        76.00         

62120580762    move    821.00        74.00         

62120580847    move    820.00        74.00         

62120588892    move    820.00        73.00         

62120598066    move    820.00        71.00         

62120605671    move    820.00        70.00         

62120614592    move    820.00        68.00         

62120630854    move    820.00        67.00         

62120631842    move    820.00        65.00         

62120647701    move    820.00        64.00         

62120656181    move    820.00        62.00         

62120664190    move    821.00        62.00         

62120664488    move    821.00        61.00         

62120672633    move    821.00        59.00         

62120680770    move    821.00        58.00         

62120681356    move    821.00        56.00         

62120689288    move    822.00        55.00         

62120689790    move    822.00        53.00         

62120689939    move    822.00        56.00         

62120697736    move    822.00        52.00         

62120698137    move    822.00        50.00         

62120705879    move    824.00        50.00         

62120706277    move    824.00        49.00         

62120714187    move    824.00        47.00         

62120714598    move    825.00        46.00         

62120714901    move    825.00        44.00         

62120722854    move    825.00        43.00         

62120723053    move    827.00        43.00         

62120723255    move    827.00        41.00         

62120731165    move    827.00        40.00         

62120731351    move    828.00        40.00         

62120731565    move    828.00        38.00         

62120731965    move    828.00        37.00         

62120764502    move    833.00        29.00         

62120772545    move    834.00        29.00         

62120772643    move    834.00        28.00         

62120773247    move    834.00        26.00         

62120781157    move    836.00        26.00         

62120781569    move    836.00        25.00         

62120789721    move    836.00        23.00         

62120789819    move    837.00        23.00         

62120805880    move    837.00        22.00         

62120814609    move    839.00        22.00         

62120822757    move    839.00        20.00         

62121023005    move    840.00        21.00         

62121032624    move    840.00        23.00         

62121056938    move    840.00        24.00         

62121073299    move    842.00        26.00         

62121081922    move    842.00        27.00         

62121098259    move    842.00        29.00         

62121106238    move    843.00        29.00         

