timeStamp      GazeRX  GazeRY  GazeLX  GazeLY  

start time: 104132668702
104132668702   816.946     771.309     816.946     771.309 

104132677061   1029.097    511.993     1029.097    511.993 

104132685427   832.165     502.094     832.165     502.094 

104132693808   756.436     509.737     756.436     509.737 

104132702056   827.165     468.612     827.165     468.612 

104132710435   837.755     503.355     837.755     503.355 

104132718810   723.339     659.032     723.339     659.032 

104132727189   726.794     621.493     726.794     621.493 

104132735431   675.245     428.433     675.245     428.433 

104132743807   655.689     408.905     655.689     408.905 

104132752193   586.12      368.246     586.12      368.246 

104132760579   590.574     328.422     590.574     328.422 

104132768834   650.915     310.689     650.915     310.689 

104132777203   598.477     298.516     598.477     298.516 

104132785559   590.417     285.256     590.417     285.256 

104132793944   582.713     248.516     582.713     248.516 

104132810574   576.461     230.344     576.461     230.344 

104132818939   568.995     224.036     568.995     224.036 

104132827337   565.493     220.594     565.493     220.594 

104132835617   564.287     216.649     564.287     216.649 

104132843974   561.322     215.132     561.322     215.132 

104132852330   557.086     212.336     557.086     212.336 

104132860702   553.818     210.287     553.818     210.287 

104132868945   554.321     207.93      554.321     207.93  

104132877306   553.636     206.367     553.636     206.367 

104132885699   551.062     204.041     551.062     204.041 

104132894062   549.615     201.865     549.615     201.865 

104132902302   548.825     200.262     548.825     200.262 

104132910687   542.766     191.063     542.766     191.063 

104132919049   505.089     168.751     505.089     168.751 

104132927443   502.207     177.674     502.207     177.674 

104132935686   503.585     176.56      503.585     176.56  

104132944054   503.435     169.59      503.435     169.59  

104132952425   498.979     166.969     498.979     166.969 

104132960825   496.922     163.591     496.922     163.591 

104132969070   497.327     162.567     497.327     162.567 

104132977435   495.154     161.477     495.154     161.477 

104132985812   494.276     160.53      494.276     160.53  

104132994174   492.566     159.507     492.566     159.507 

104133002435   490.597     160.53      490.597     160.53  

104133010820   492.243     162.592     492.243     162.592 

104133019195   493.18      163.495     493.18      163.495 

104133027555   493.215     163.984     493.215     163.984 

104133035805   492.653     164.905     492.653     164.905 

104133044188   492.227     165.271     492.227     165.271 

104133052554   491.467     166.456     491.467     166.456 

104133060958   492.77      166.41      492.77      166.41  

104133069187   492.33      166.751     492.33      166.751 

104133077562   491.824     167.243     491.824     167.243 

104133085935   492.264     167.781     492.264     167.781 

104133094311   493.855     167.87      493.855     167.87  

104133102568   493.459     168.396     493.459     168.396 

104133110937   493.219     167.76      493.219     167.76  

104133119305   493.202     166.854     493.202     166.854 

104133127724   493.203     166.04      493.203     166.04  

104133135935   492.765     165.812     492.765     165.812 

104133144304   492.641     165.154     492.641     165.154 

104133161074   492.521     163.841     492.521     163.841 

104133169299   492.968     162.633     492.968     162.633 

104133177674   492.816     162.313     492.816     162.313 

104133186051   491.741     161.939     491.741     161.939 

104133194446   491.446     161.711     491.446     161.711 

104133202678   490.511     161.811     490.511     161.811 

104133211061   489.716     161.667     489.716     161.667 

104133219424   488.969     160.666     488.969     160.666 

104133227808   489.705     159.688     489.705     159.688 

104133236073   489.973     158.901     489.973     158.901 

104133244435   489.754     158.443     489.754     158.443 

104133252804   489.28      157.756     489.28      157.756 

104133261191   489.424     157.456     489.424     157.456 

104133269431   489.008     158.543     489.008     158.543 

104133277807   488.408     157.664     488.408     157.664 

104133286196   488.152     156.334     488.152     156.334 

104133294561   487.139     155.901     487.139     155.901 

104133302791   488.136     155.641     488.136     155.641 

104133311181   488.109     156.429     488.109     156.429 

104133319551   488.226     157.535     488.226     157.535 

104133327947   488.178     158.311     488.178     158.311 

104133336195   488.142     158.853     488.142     158.853 

104133344557   488.375     159.696     488.375     159.696 

104133352940   487.688     159.381     487.688     159.381 

104133361339   487.467     158.599     487.467     158.599 

104133369584   487.936     158.245     487.936     158.245 

104133377941   488.606     158.452     488.606     158.452 

104133386326   489.375     158.918     489.375     158.918 

104133394689   489.546     159.074     489.546     159.074 

104133402927   489.689     158.389     489.689     158.389 

104133411314   489.325     157.859     489.325     157.859 

104133419686   488.352     156.987     488.352     156.987 

104133428059   488.035     156.228     488.035     156.228 

104133436299   487.364     155.014     487.364     155.014 

104133444678   487.017     153.877     487.017     153.877 

104133453046   486.726     153.173     486.726     153.173 

104133461444   486.409     153.301     486.409     153.301 

104133469676   485.316     153.525     485.316     153.525 

104133478060   484.959     153.566     484.959     153.566 

104133486424   484.693     153.547     484.693     153.547 

104133494805   484.963     153.665     484.963     153.665 

104133503064   485.639     152.457     485.639     152.457 

104133511428   486.234     152.29      486.234     152.29  

104133519808   486         152.054     486         152.054 

104133528173   486.311     152.516     486.311     152.516 

104133536552   485.912     153.091     485.912     153.091 

104133544812   485.287     153.199     485.287     153.199 

104133553180   485.811     154.042     485.811     154.042 

104133561555   486.035     153.457     486.035     153.457 

104133569807   487.332     153.013     487.332     153.013 

104133578179   487.951     151.811     487.951     151.811 

104133586548   487.493     150.776     487.493     150.776 

104133594941   486.492     150.391     486.492     150.391 

104133603301   485.833     151.05      485.833     151.05  

104133611545   486.319     151.808     486.319     151.808 

104133619926   485.372     151.988     485.372     151.988 

104133628298   486.137     153.407     486.137     153.407 

104133636564   488.202     153.623     488.202     153.623 

104133644928   488.131     153.026     488.131     153.026 

104133653294   487.995     153.162     487.995     153.162 

104133661677   486.502     153.734     486.502     153.734 

104133670052   485.362     154.77      485.362     154.77  

104133678317   483.534     155.245     483.534     155.245 

104133686684   482.626     154.96      482.626     154.96  

104133695051   482.887     154.703     482.887     154.703 

104133703424   484.276     154.208     484.276     154.208 

104133711666   484.092     154.034     484.092     154.034 

104133720052   484.569     153.554     484.569     153.554 

104133728443   481.895     154.026     481.895     154.026 

104133736800   482.725     155.523     482.725     155.523 

104133745049   483.698     156.254     483.698     156.254 

104133753424   485.288     157.312     485.288     157.312 

104133761803   487.73      157.221     487.73      157.221 

104133770197   489.01      157.862     489.01      157.862 

104133778429   489.308     159.093     489.308     159.093 

104133786804   490.12      159.618     490.12      159.618 

104133795172   490.306     160.41      490.306     160.41  

104133803545   490.548     160.865     490.548     160.865 

104133811816   490.882     160.666     490.882     160.666 

104133820174   491.9       160.759     491.9       160.759 

104133828548   492.433     159.536     492.433     159.536 

104133836925   491.937     159.356     491.937     159.356 

104133845189   490.29      158.836     490.29      158.836 

104133853576   489.237     158.794     489.237     158.794 

104133861956   488.807     159.161     488.807     159.161 

104133870310   490.116     159.115     490.116     159.115 

104133878545   491.05      159.443     491.05      159.443 

104133886925   490.724     159.863     490.724     159.863 

104133895309   490.25      160.073     490.25      160.073 

104133903691   491.314     160.174     491.314     160.174 

104133911934   492.233     160.091     492.233     160.091 

104133920292   491.422     160.994     491.422     160.994 

104133928679   491.683     161.483     491.683     161.483 

104133937050   492.477     161.502     492.477     161.502 

