timeStamp      action  positionX     positionY     

start time: 104132660719

104132744060   move    839.00        509.00        

104132744358   move    838.00        509.00        

104132752480   move    836.00        506.00        

104132752578   move    836.00        505.00        

104132752880   move    835.00        503.00        

104132752947   move    838.00        508.00        

104132760836   move    833.00        502.00        

104132761049   move    833.00        500.00        

104132761136   move    832.00        500.00        

104132761350   move    832.00        499.00        

104132768878   move    830.00        497.00        

104132769063   move    830.00        496.00        

104132769163   move    829.00        494.00        

104132769361   move    827.00        494.00        

104132769461   move    827.00        493.00        

104132777218   move    826.00        491.00        

104132777309   move    824.00        490.00        

104132777397   move    823.00        488.00        

104132777608   move    823.00        487.00        

104132777695   move    821.00        485.00        

104132777909   move    820.00        484.00        

104132778010   move    818.00        482.00        

104132785674   move    817.00        481.00        

104132785760   move    815.00        479.00        

104132785972   move    814.00        478.00        

104132786162   move    812.00        476.00        

104132786274   move    811.00        475.00        

104132793958   move    809.00        473.00        

104132794065   move    806.00        472.00        

104132794260   move    805.00        469.00        

104132794360   move    803.00        467.00        

104132794561   move    800.00        466.00        

104132794661   move    799.00        464.00        

104132794760   move    796.00        461.00        

104132794960   move    794.00        461.00        

104132795060   move    793.00        458.00        

104132795260   move    790.00        457.00        

104132795361   move    788.00        455.00        

104132810631   move    785.00        452.00        

104132810729   move    782.00        451.00        

104132810929   move    779.00        448.00        

104132811029   move    776.00        446.00        

104132811219   move    775.00        445.00        

104132819069   move    769.00        440.00        

104132819165   move    766.00        439.00        

104132819364   move    763.00        437.00        

104132819464   move    760.00        434.00        

104132819667   move    757.00        433.00        

104132819765   move    754.00        431.00        

104132827506   move    751.00        430.00        

104132827617   move    748.00        427.00        

104132827924   move    743.00        424.00        

104132828018   move    740.00        422.00        

104132835652   move    736.00        419.00        

104132835851   move    733.00        418.00        

104132835949   move    730.00        416.00        

104132836138   move    727.00        415.00        

104132836353   move    725.00        415.00        

104132836453   move    722.00        413.00        

104132836523   move    737.00        421.00        

104132844143   move    719.00        412.00        

104132844154   move    718.00        410.00        

104132844369   move    715.00        410.00        

104132844474   move    713.00        409.00        

104132852411   move    712.00        409.00        

104132852498   move    709.00        407.00        

104132852708   move    707.00        406.00        

104132852804   move    706.00        406.00        

104132853011   move    704.00        406.00        

104132853110   move    703.00        404.00        

104132860826   move    701.00        404.00        

104132860924   move    700.00        403.00        

104132861123   move    698.00        403.00        

104132861222   move    697.00        403.00        

104132861425   move    697.00        401.00        

104132868979   move    695.00        401.00        

104132869175   move    694.00        401.00        

104132869275   move    692.00        400.00        

104132869574   move    691.00        400.00        

104132877492   move    688.00        398.00        

104132877792   move    686.00        397.00        

104132878143   move    689.00        398.00        

104132885758   move    685.00        395.00        

104132886154   move    683.00        394.00        

104132886456   move    682.00        394.00        

104132894178   move    682.00        392.00        

104132894290   move    680.00        392.00        

104132894589   move    679.00        391.00        

104132902306   move    677.00        389.00        

104132902801   move    676.00        388.00        

104132903103   move    674.00        386.00        

104132910950   move    673.00        385.00        

104132911050   move    673.00        383.00        

104132911250   move    671.00        383.00        

104132911337   move    670.00        382.00        

104132919454   move    665.00        379.00        

104132919654   move    665.00        377.00        

104132919754   move    664.00        376.00        

104132920002   move    668.00        380.00        

104132927621   move    662.00        376.00        

104132927719   move    662.00        374.00        

104132927919   move    661.00        374.00        

104132928019   move    661.00        373.00        

104132928222   move    659.00        371.00        

104132935737   move    658.00        371.00        

104132935949   move    656.00        370.00        

104132936249   move    655.00        368.00        

104132936336   move    653.00        368.00        

104132944084   move    652.00        367.00        

104132944169   move    652.00        365.00        

104132944382   move    650.00        365.00        

104132944483   move    649.00        364.00        

104132944783   move    647.00        362.00        

104132944986   move    646.00        361.00        

104132952602   move    644.00        359.00        

104132952701   move    643.00        359.00        

104132952901   move    643.00        358.00        

104132953002   move    641.00        358.00        

104132960851   move    640.00        356.00        

104132961143   move    638.00        355.00        

104132961242   move    637.00        353.00        

104132961444   move    635.00        353.00        

104132969104   move    635.00        352.00        

104132969286   move    634.00        350.00        

104132969385   move    632.00        350.00        

104132969584   move    631.00        349.00        

104132969685   move    631.00        347.00        

104132969886   move    629.00        347.00        

104132977525   move    628.00        346.00        

104132977723   move    626.00        346.00        

104132977824   move    625.00        344.00        

104132978010   move    625.00        343.00        

104132978122   move    623.00        341.00        

104132985850   move    622.00        340.00        

104132985961   move    620.00        340.00        

104132986148   move    619.00        338.00        

104132986260   move    617.00        337.00        

104132986460   move    616.00        335.00        

104132986561   move    614.00        334.00        

104132994289   move    613.00        332.00        

104132994387   move    611.00        332.00        

104132994587   move    610.00        331.00        

104132994687   move    607.00        329.00        

104132994888   move    607.00        328.00        

104132994989   move    605.00        326.00        

104133002618   move    604.00        325.00        

104133002704   move    602.00        325.00        

104133002916   move    599.00        323.00        

104133003003   move    598.00        322.00        

104133003218   move    596.00        320.00        

104133010947   move    593.00        317.00        

104133011033   move    592.00        316.00        

104133011245   move    590.00        314.00        

104133011346   move    589.00        313.00        

104133011692   move    595.00        319.00        

104133019211   move    587.00        313.00        

104133019302   move    586.00        311.00        

104133019501   move    584.00        310.00        

104133019600   move    583.00        308.00        

104133019800   move    581.00        307.00        

104133019901   move    580.00        305.00        

104133027731   move    578.00        304.00        

104133027816   move    577.00        302.00        

104133028028   move    575.00        301.00        

104133028116   move    574.00        301.00        

104133028330   move    574.00        299.00        

104133035856   move    572.00        298.00        

104133036054   move    571.00        296.00        

104133036154   move    569.00        295.00        

104133036354   move    569.00        293.00        

104133036454   move    568.00        293.00        

104133044217   move    566.00        292.00        

104133044305   move    566.00        290.00        

104133044505   move    565.00        289.00        

104133044605   move    565.00        287.00        

104133044805   move    563.00        287.00        

104133044905   move    563.00        286.00        

104133045106   move    562.00        284.00        

104133052687   move    560.00        283.00        

104133052701   move    560.00        281.00        

104133052890   move    560.00        280.00        

104133053002   move    559.00        278.00        

104133061187   move    557.00        277.00        

104133061386   move    557.00        275.00        

104133061486   move    557.00        274.00        

104133061688   move    556.00        272.00        

104133069201   move    556.00        271.00        

104133069495   move    556.00        269.00        

104133069682   move    556.00        268.00        

104133069794   move    554.00        266.00        

104133069996   move    554.00        265.00        

104133077825   move    554.00        263.00        

104133077937   move    553.00        262.00        

104133078136   move    553.00        260.00        

104133078226   move    553.00        259.00        

104133085977   move    553.00        257.00        

104133086075   move    553.00        256.00        

104133086275   move    553.00        254.00        

104133086375   move    553.00        253.00        

104133086575   move    551.00        253.00        

104133086675   move    551.00        251.00        

104133094421   move    551.00        248.00        

104133094589   move    551.00        247.00        

104133094677   move    551.00        245.00        

104133094892   move    551.00        244.00        

104133094990   move    551.00        242.00        

104133095253   move    551.00        250.00        

104133102731   move    550.00        242.00        

104133102829   move    550.00        241.00        

104133103029   move    550.00        239.00        

104133103129   move    550.00        238.00        

104133103330   move    550.00        236.00        

104133110977   move    550.00        235.00        

104133111175   move    550.00        233.00        

104133111275   move    550.00        232.00        

104133111475   move    548.00        232.00        

104133111575   move    548.00        230.00        

104133119307   move    548.00        229.00        

104133119405   move    548.00        227.00        

104133119703   move    548.00        226.00        

104133119903   move    548.00        224.00        

104133120005   move    548.00        223.00        

104133127786   move    548.00        221.00        

104133128084   move    548.00        220.00        

104133128284   move    548.00        218.00        

104133128486   move    548.00        217.00        

104133135972   move    548.00        215.00        

104133136171   move    548.00        214.00        

104133136471   move    548.00        212.00        

104133136572   move    548.00        211.00        

104133144485   move    548.00        208.00        

104133144583   move    548.00        206.00        

104133144883   move    548.00        205.00        

104133145085   move    548.00        203.00        

104133145150   move    548.00        209.00        

104133145399   move    547.00        202.00        

104133145484   move    547.00        200.00        

104133145784   move    547.00        199.00        

104133161182   move    547.00        197.00        

104133161481   move    547.00        196.00        

104133161593   move    547.00        194.00        

104133161895   move    547.00        193.00        

104133169590   move    547.00        191.00        

104133169790   move    545.00        191.00        

104133169889   move    545.00        190.00        

104133170090   move    545.00        188.00        

104133177939   move    545.00        187.00        

104133178026   move    544.00        187.00        

104133178238   move    544.00        185.00        

104133186254   move    542.00        182.00        

104133186552   move    542.00        181.00        

104133186932   move    544.00        184.00        

104133194625   move    541.00        179.00        

104133194923   move    541.00        178.00        

104133202839   move    539.00        176.00        

104133203438   move    539.00        175.00        

104133211090   move    538.00        175.00        

104133211588   move    538.00        173.00        

104133219705   move    536.00        173.00        

104133228139   move    535.00        172.00        

104133228678   move    536.00        172.00        

104133236481   move    533.00        172.00        

104133244720   move    532.00        172.00        

104133245308   move    530.00        172.00        

104133253142   move    529.00        172.00        

104133261205   move    527.00        172.00        

104133261601   move    526.00        172.00        

104133261903   move    524.00        172.00        

104133269707   move    523.00        172.00        

104133270119   move    521.00        172.00        

104133277917   move    520.00        172.00        

104133278237   move    518.00        172.00        

104133286201   move    517.00        172.00        

104133286498   move    517.00        173.00        

104133286597   move    515.00        173.00        

104133294636   move    514.00        173.00        

104133294735   move    514.00        174.00        

104133294934   move    512.00        174.00        

104133295336   move    511.00        176.00        

104133303237   move    509.00        177.00        

104133311197   move    509.00        179.00        

104133311393   move    508.00        179.00        

104133311679   move    508.00        180.00        

104133369739   move    491.00        192.00        

104133378280   move    490.00        192.00        

104133494942   move    491.00        192.00        

