timeStamp      action  positionX     positionY     

start time: 102972845405

102972954823   move    823.00        529.00        

102972970304   move    820.00        529.00        

102972970602   move    819.00        529.00        

102972970703   move    817.00        529.00        

102972971883   move    822.00        529.00        

102972978551   move    816.00        529.00        

102972978850   move    814.00        529.00        

102972978949   move    813.00        529.00        

102972979137   move    811.00        529.00        

102972986864   move    810.00        529.00        

102972986964   move    808.00        529.00        

102972987150   move    807.00        529.00        

102972987464   move    805.00        529.00        

102972995287   move    802.00        529.00        

102972995400   move    801.00        529.00        

102972995699   move    799.00        529.00        

102972995900   move    798.00        529.00        

102973003541   move    796.00        529.00        

102973003740   move    795.00        529.00        

102973003840   move    793.00        530.00        

102973004040   move    792.00        530.00        

102973004141   move    789.00        530.00        

102973011870   move    786.00        530.00        

102973012082   move    784.00        530.00        

102973012169   move    783.00        530.00        

102973012381   move    781.00        532.00        

102973012482   move    780.00        532.00        

102973012718   move    787.00        530.00        

102973020212   move    777.00        532.00        

102973020310   move    775.00        532.00        

102973020410   move    774.00        532.00        

102973020610   move    772.00        532.00        

102973020811   move    771.00        532.00        

102973020911   move    768.00        533.00        

102973028641   move    766.00        533.00        

102973028740   move    765.00        533.00        

102973028841   move    762.00        533.00        

102973029040   move    760.00        533.00        

102973029242   move    757.00        533.00        

102973036881   move    756.00        533.00        

102973037077   move    753.00        535.00        

102973037176   move    751.00        535.00        

102973037263   move    748.00        535.00        

102973037475   move    747.00        535.00        

102973037576   move    744.00        535.00        

102973045301   move    741.00        535.00        

102973045501   move    739.00        535.00        

102973045600   move    736.00        536.00        

102973045700   move    735.00        536.00        

102973045900   move    732.00        536.00        

102973046000   move    730.00        536.00        

102973053642   move    727.00        536.00        

102973053741   move    724.00        536.00        

102973053941   move    721.00        536.00        

102973054041   move    718.00        536.00        

102973054244   move    717.00        538.00        

102973054342   move    714.00        538.00        

102973054545   move    711.00        538.00        

102973054700   move    708.00        538.00        

102973054842   move    705.00        538.00        

102973054941   move    702.00        538.00        

102973055142   move    699.00        538.00        

102973070407   move    693.00        538.00        

102973070506   move    691.00        538.00        

102973070706   move    688.00        538.00        

102973070807   move    685.00        538.00        

102973071998   move    696.00        538.00        

102973078645   move    682.00        538.00        

102973078756   move    679.00        538.00        

102973078945   move    676.00        538.00        

102973079056   move    673.00        538.00        

102973079243   move    670.00        539.00        

102973079358   move    666.00        539.00        

102973086963   move    663.00        539.00        

102973087074   move    660.00        539.00        

102973087274   move    657.00        539.00        

102973087374   move    654.00        539.00        

102973087575   move    651.00        539.00        

102973087675   move    648.00        539.00        

102973095408   move    645.00        539.00        

102973095509   move    642.00        539.00        

102973095796   move    636.00        539.00        

102973096008   move    633.00        539.00        

102973103640   move    630.00        539.00        

102973103851   move    627.00        539.00        

102973103940   move    622.00        539.00        

102973104151   move    619.00        539.00        

102973104239   move    618.00        539.00        

102973111985   move    612.00        539.00        

102973112185   move    609.00        539.00        

102973112284   move    604.00        539.00        

102973112483   move    601.00        539.00        

102973112584   move    598.00        539.00        

102973112852   move    615.00        539.00        

102973120326   move    595.00        539.00        

102973120424   move    592.00        539.00        

102973120624   move    589.00        539.00        

102973120724   move    585.00        539.00        

102973120925   move    582.00        539.00        

102973121025   move    579.00        539.00        

102973128755   move    576.00        539.00        

102973128854   move    573.00        539.00        

102973129055   move    570.00        539.00        

102973129153   move    567.00        539.00        

102973129354   move    564.00        539.00        

102973136993   move    561.00        539.00        

102973137188   move    558.00        539.00        

102973137287   move    555.00        539.00        

102973137487   move    552.00        538.00        

102973137587   move    549.00        538.00        

102973137788   move    546.00        538.00        

102973145416   move    543.00        538.00        

102973145604   move    540.00        538.00        

102973145715   move    537.00        538.00        

102973145902   move    534.00        538.00        

102973146015   move    531.00        537.00        

102973153646   move    528.00        537.00        

102973153757   move    525.00        537.00        

102973153956   move    522.00        537.00        

102973154056   move    520.00        537.00        

102973154256   move    517.00        537.00        

102973154357   move    514.00        537.00        

102973154556   move    511.00        535.00        

102973154657   move    508.00        535.00        

102973154858   move    505.00        535.00        

102973154943   move    504.00        535.00        

102973155157   move    501.00        535.00        

102973155257   move    498.00        534.00        

102973170458   move    495.00        534.00        

102973170501   move    492.00        534.00        

102973170712   move    489.00        534.00        

102973170800   move    487.00        534.00        

102973171013   move    484.00        532.00        

102973178773   move    481.00        532.00        

102973178971   move    478.00        532.00        

102973179071   move    477.00        532.00        

102973179270   move    474.00        532.00        

102973179370   move    472.00        532.00        

102973187017   move    469.00        531.00        

102973187099   move    466.00        531.00        

102973187298   move    465.00        531.00        

102973187398   move    462.00        531.00        

102973187598   move    460.00        531.00        

102973187699   move    457.00        531.00        

102973195416   move    456.00        531.00        

102973195515   move    453.00        529.00        

102973195716   move    451.00        529.00        

102973195816   move    450.00        529.00        

102973196004   move    447.00        529.00        

102973196117   move    445.00        529.00        

102973203953   move    442.00        529.00        

102973204052   move    441.00        529.00        

102973204252   move    438.00        529.00        

102973204352   move    436.00        529.00        

102973204553   move    435.00        529.00        

102973212293   move    432.00        529.00        

102973212391   move    430.00        529.00        

102973212592   move    429.00        529.00        

102973212692   move    427.00        529.00        

102973213043   move    433.00        529.00        

102973220428   move    426.00        529.00        

102973220726   move    424.00        529.00        

102973220826   move    423.00        529.00        

102973221015   move    421.00        529.00        

102973221128   move    420.00        529.00        

102973228857   move    418.00        529.00        

102973229144   move    417.00        529.00        

102973229256   move    415.00        529.00        

102973229457   move    414.00        529.00        

102973237284   move    412.00        529.00        

102973237395   move    411.00        529.00        

102973237694   move    409.00        529.00        

102973237897   move    408.00        529.00        

102973245729   move    406.00        529.00        

102973245829   move    405.00        529.00        

102973246116   move    403.00        529.00        

102973253855   move    402.00        529.00        

102973254054   move    400.00        529.00        

102973254354   move    399.00        529.00        

102973254655   move    397.00        529.00        

102973254741   move    396.00        529.00        

102973255054   move    394.00        529.00        

102973255356   move    393.00        529.00        

102973270583   move    391.00        529.00        

102973270819   move    390.00        529.00        

102973271120   move    388.00        529.00        

102973278886   move    387.00        528.00        

102973279177   move    385.00        528.00        

102973279476   move    384.00        528.00        

102973287105   move    382.00        528.00        

102973287404   move    381.00        528.00        

102973287502   move    381.00        526.00        

102973287702   move    379.00        526.00        

102973295546   move    378.00        526.00        

102973295845   move    376.00        526.00        

102973296132   move    375.00        526.00        

102973303963   move    373.00        526.00        

102973304074   move    373.00        525.00        

102973304261   move    372.00        525.00        

102973304675   move    370.00        525.00        

102973312500   move    369.00        525.00        

102973320536   move    367.00        525.00        

102973321237   move    366.00        525.00        

