timeStamp      action  positionX     positionY     

start time: 102744418917

102744728334   move    854.00        541.00        

102744728544   move    856.00        542.00        

102744728646   move    857.00        544.00        

102744743933   move    860.00        544.00        

102744744018   move    862.00        545.00        

102744744231   move    863.00        547.00        

102744744318   move    865.00        548.00        

102744744532   move    866.00        550.00        

102744744632   move    868.00        551.00        

102744752313   move    871.00        553.00        

102744752359   move    872.00        554.00        

102744752558   move    874.00        556.00        

102744752658   move    875.00        557.00        

102744752861   move    878.00        559.00        

102744760487   move    880.00        562.00        

102744760684   move    881.00        563.00        

102744760784   move    884.00        565.00        

102744760984   move    886.00        566.00        

102744761084   move    889.00        569.00        

102744768841   move    890.00        571.00        

102744768938   move    893.00        572.00        

102744769136   move    895.00        575.00        

102744769236   move    898.00        577.00        

102744769436   move    899.00        578.00        

102744769538   move    902.00        581.00        

102744777266   move    904.00        583.00        

102744777365   move    907.00        586.00        

102744777563   move    908.00        587.00        

102744777663   move    910.00        589.00        

102744777851   move    913.00        590.00        

102744777964   move    916.00        593.00        

102744785701   move    917.00        596.00        

102744785812   move    920.00        598.00        

102744786000   move    923.00        601.00        

102744786112   move    925.00        602.00        

102744786313   move    928.00        605.00        

102744786414   move    931.00        608.00        

102744794021   move    932.00        610.00        

102744794120   move    935.00        613.00        

102744794420   move    940.00        617.00        

102744794521   move    943.00        619.00        

102744802321   move    949.00        625.00        

102744802453   move    950.00        626.00        

102744802565   move    953.00        629.00        

102744802753   move    956.00        632.00        

102744802868   move    959.00        635.00        

102744803104   move    946.00        622.00        

102744810691   move    961.00        637.00        

102744810802   move    964.00        638.00        

102744810989   move    965.00        641.00        

102744811102   move    968.00        644.00        

102744811303   move    971.00        646.00        

102744811403   move    973.00        649.00        

102744819144   move    976.00        650.00        

102744819243   move    979.00        653.00        

102744819443   move    982.00        655.00        

102744819543   move    983.00        658.00        

102744819745   move    986.00        659.00        

102744827247   move    988.00        662.00        

102744827460   move    991.00        665.00        

102744827546   move    994.00        667.00        

102744827758   move    995.00        670.00        

102744827845   move    998.00        671.00        

102744828060   move    1000.00       673.00        

102744828145   move    1001.00       674.00        

102744828421   move    1004.00       677.00        

102744828459   move    1006.00       679.00        

102744828658   move    1007.00       680.00        

102744828760   move    1010.00       683.00        

102744844070   move    1013.00       686.00        

102744844232   move    1016.00       688.00        

102744844331   move    1018.00       689.00        

102744844532   move    1019.00       692.00        

102744844632   move    1021.00       694.00        

102744845724   move    1012.00       685.00        

102744852484   move    1024.00       695.00        

102744852583   move    1025.00       697.00        

102744852783   move    1027.00       698.00        

102744852883   move    1028.00       701.00        

102744853087   move    1030.00       703.00        

102744860619   move    1031.00       704.00        

102744860803   move    1033.00       704.00        

102744860902   move    1034.00       706.00        

102744861102   move    1036.00       707.00        

102744861202   move    1037.00       709.00        

102744861403   move    1037.00       710.00        

102744869041   move    1039.00       712.00        

102744869240   move    1040.00       713.00        

102744869340   move    1042.00       715.00        

102744869527   move    1042.00       716.00        

102744869641   move    1043.00       716.00        

102744877358   move    1045.00       718.00        

102744877469   move    1045.00       719.00        

102744877656   move    1046.00       721.00        

102744877769   move    1048.00       721.00        

102744877968   move    1048.00       722.00        

102744878070   move    1049.00       724.00        

102744885812   move    1051.00       725.00        

102744886004   move    1051.00       727.00        

102744886103   move    1051.00       728.00        

102744886304   move    1052.00       728.00        

102744886404   move    1052.00       730.00        

102744894137   move    1054.00       731.00        

102744894224   move    1054.00       733.00        

102744894523   move    1055.00       734.00        

102744894737   move    1055.00       736.00        

102744902481   move    1057.00       737.00        

102744902681   move    1057.00       739.00        

102744902980   move    1058.00       740.00        

102744910814   move    1058.00       742.00        

102744910912   move    1058.00       743.00        

102744911112   move    1060.00       743.00        

102744911211   move    1060.00       745.00        

102744911413   move    1060.00       746.00        

102744919250   move    1060.00       748.00        

102744919336   move    1061.00       748.00        

102744919549   move    1061.00       749.00        

102744927370   move    1061.00       751.00        

102744927668   move    1061.00       752.00        

102744928169   move    1061.00       754.00        

102744935857   move    1061.00       755.00        

102744944252   move    1061.00       757.00        

102744952593   move    1061.00       758.00        

102744960896   move    1061.00       760.00        

102744969341   move    1061.00       761.00        

102744977971   move    1061.00       764.00        

102744978336   move    1061.00       763.00        

102744986020   move    1061.00       766.00        

102744986319   move    1061.00       767.00        

102744986633   move    1061.00       769.00        

102744994546   move    1061.00       770.00        

102744994646   move    1061.00       772.00        

102745002498   move    1061.00       773.00        

102745002796   move    1061.00       775.00        

102745003096   move    1061.00       776.00        

102745010909   move    1061.00       778.00        

102745010995   move    1061.00       779.00        

102745011407   move    1061.00       781.00        

102745019310   move    1063.00       784.00        

102745019552   move    1063.00       785.00        

102745019854   move    1063.00       787.00        

102745020083   move    1061.00       782.00        

102745027492   move    1064.00       787.00        

102745027684   move    1064.00       788.00        

102745027783   move    1064.00       790.00        

102745028082   move    1064.00       791.00        

102745028284   move    1066.00       791.00        

102745028383   move    1066.00       793.00        

102745028684   move    1066.00       794.00        

102745028883   move    1067.00       794.00        

102745028985   move    1067.00       796.00        

102745044357   move    1067.00       797.00        

102745044655   move    1069.00       799.00        

102745044956   move    1069.00       800.00        

102745052799   move    1070.00       802.00        

102745053098   move    1070.00       803.00        

102745053400   move    1072.00       805.00        

102745061105   move    1072.00       806.00        

102745061305   move    1073.00       806.00        

102745061405   move    1073.00       808.00        

102745069354   move    1075.00       809.00        

102745069440   move    1075.00       811.00        

102745069653   move    1076.00       812.00        

102745070089   move    1073.00       809.00        

102745077599   move    1076.00       814.00        

102745077894   move    1078.00       815.00        

102745078193   move    1079.00       817.00        

102745078294   move    1079.00       818.00        

102745086045   move    1081.00       818.00        

102745086144   move    1081.00       820.00        

102745086344   move    1081.00       821.00        

102745086443   move    1082.00       821.00        

102745086648   move    1082.00       823.00        

102745086746   move    1084.00       824.00        

102745094457   move    1085.00       826.00        

102745094756   move    1087.00       827.00        

102745094957   move    1087.00       829.00        

102745102601   move    1088.00       829.00        

102745102797   move    1088.00       830.00        

102745102896   move    1090.00       832.00        

102745103195   move    1091.00       833.00        

102745103397   move    1093.00       835.00        

102745111119   move    1094.00       836.00        

102745111417   move    1096.00       838.00        

102745119370   move    1097.00       839.00        

102745119481   move    1099.00       841.00        

102745119780   move    1100.00       842.00        

102745119968   move    1102.00       842.00        

102745120082   move    1102.00       844.00        

102745127687   move    1103.00       845.00        

102745127785   move    1105.00       845.00        

102745127985   move    1106.00       847.00        

102745128286   move    1108.00       848.00        

102745128386   move    1109.00       850.00        

102745128688   move    1111.00       851.00        

102745128887   move    1112.00       851.00        

102745128973   move    1112.00       853.00        

102745129187   move    1114.00       853.00        

102745144374   move    1115.00       854.00        

102745144570   move    1117.00       856.00        

102745144657   move    1118.00       856.00        

102745144869   move    1118.00       857.00        

102745144969   move    1120.00       859.00        

102745152709   move    1123.00       860.00        

102745152908   move    1124.00       860.00        

102745153007   move    1126.00       862.00        

102745153207   move    1126.00       863.00        

102745153309   move    1127.00       863.00        

102745153543   move    1121.00       859.00        

102745161039   move    1129.00       865.00        

102745161138   move    1130.00       865.00        

102745161338   move    1130.00       866.00        

102745161438   move    1132.00       868.00        

102745161639   move    1133.00       868.00        

102745161739   move    1135.00       869.00        

102745169507   move    1136.00       871.00        

102745169605   move    1138.00       871.00        

102745169805   move    1139.00       872.00        

102745169904   move    1141.00       874.00        

102745170106   move    1142.00       874.00        

102745177722   move    1142.00       875.00        

102745177920   move    1144.00       877.00        

102745178020   move    1145.00       877.00        

102745178219   move    1147.00       878.00        

102745178318   move    1148.00       878.00        

102745178521   move    1150.00       880.00        

102745186337   move    1151.00       881.00        

102745186449   move    1153.00       881.00        

102745186636   move    1153.00       883.00        

102745186750   move    1154.00       883.00        

102745194609   move    1157.00       886.00        

102745194708   move    1159.00       886.00        

102745194908   move    1159.00       887.00        

102745195009   move    1160.00       887.00        

102745195254   move    1156.00       884.00        

102745202915   move    1162.00       887.00        

102745203115   move    1162.00       889.00        

102745203417   move    1163.00       889.00        

102745211328   move    1163.00       890.00        

102745211539   move    1165.00       890.00        

102745220085   move    1166.00       890.00        

102745311774   move    1166.00       889.00        

102745319983   move    1166.00       888.00        

102745327924   move    1166.00       886.00        

102745328023   move    1165.00       886.00        

102745328524   move    1165.00       885.00        

102745337297   move    1165.00       883.00        

102745344618   move    1165.00       882.00        

102745345110   move    1165.00       880.00        

102745353038   move    1165.00       879.00        

102745353536   move    1165.00       877.00        

102745361367   move    1166.00       877.00        

102745361664   move    1166.00       876.00        

102745369684   move    1166.00       874.00        

102745369795   move    1168.00       874.00        

102745370095   move    1168.00       873.00        

102745378120   move    1168.00       871.00        

102745378318   move    1169.00       871.00        

102745386369   move    1169.00       870.00        

102745386878   move    1171.00       870.00        

102745394738   move    1171.00       868.00        

102745395314   move    1171.00       867.00        

102745395414   move    1172.00       867.00        

102745403633   move    1172.00       865.00        

102745486878   move    1178.00       856.00        

102745562099   move    1180.00       856.00        

102745586685   move    1181.00       856.00        

102745603259   move    1183.00       856.00        

102745620517   move    1184.00       856.00        

102745628761   move    1184.00       857.00        

102745645413   move    1186.00       857.00        

