timeStamp      action  positionX     positionY     

start time: 102854947848

102855064810   move    854.00        541.00        

102855064896   move    856.00        541.00        

102855072792   move    857.00        542.00        

102855073068   move    859.00        544.00        

102855073156   move    860.00        544.00        

102855073368   move    860.00        545.00        

102855073470   move    862.00        547.00        

102855073770   move    863.00        548.00        

102855073970   move    865.00        548.00        

102855074069   move    866.00        550.00        

102855074270   move    868.00        551.00        

102855074369   move    869.00        553.00        

102855089533   move    871.00        554.00        

102855089633   move    871.00        556.00        

102855089831   move    872.00        557.00        

102855089932   move    874.00        559.00        

102855090134   move    875.00        559.00        

102855097762   move    877.00        560.00        

102855097955   move    878.00        562.00        

102855098054   move    880.00        563.00        

102855098253   move    881.00        565.00        

102855098353   move    884.00        566.00        

102855098554   move    886.00        568.00        

102855106083   move    887.00        571.00        

102855106282   move    889.00        572.00        

102855106382   move    890.00        574.00        

102855106582   move    893.00        575.00        

102855106683   move    895.00        577.00        

102855114475   move    898.00        581.00        

102855114606   move    901.00        583.00        

102855114718   move    902.00        584.00        

102855114906   move    904.00        587.00        

102855115019   move    905.00        587.00        

102855115251   move    896.00        580.00        

102855122853   move    908.00        590.00        

102855122964   move    910.00        592.00        

102855123164   move    911.00        593.00        

102855123264   move    914.00        596.00        

102855123466   move    916.00        598.00        

102855123565   move    917.00        599.00        

102855131301   move    920.00        602.00        

102855131399   move    922.00        604.00        

102855131599   move    923.00        607.00        

102855131699   move    926.00        608.00        

102855131901   move    928.00        610.00        

102855139419   move    931.00        613.00        

102855139630   move    932.00        614.00        

102855139717   move    934.00        617.00        

102855139929   move    937.00        619.00        

102855140017   move    937.00        620.00        

102855147774   move    940.00        623.00        

102855147847   move    941.00        626.00        

102855148058   move    944.00        628.00        

102855148158   move    946.00        631.00        

102855148358   move    947.00        634.00        

102855148459   move    950.00        635.00        

102855156237   move    953.00        641.00        

102855156394   move    956.00        644.00        

102855156493   move    958.00        646.00        

102855156694   move    961.00        649.00        

102855156796   move    962.00        652.00        

102855157045   move    952.00        638.00        

102855164634   move    964.00        655.00        

102855164732   move    965.00        658.00        

102855164932   move    968.00        661.00        

102855165032   move    968.00        662.00        

102855165233   move    971.00        665.00        

102855172777   move    973.00        668.00        

102855172970   move    974.00        671.00        

102855173069   move    977.00        673.00        

102855173269   move    979.00        676.00        

102855173369   move    980.00        679.00        

102855173570   move    982.00        682.00        

102855173669   move    983.00        685.00        

102855173858   move    985.00        688.00        

102855173982   move    986.00        691.00        

102855174270   move    989.00        695.00        

102855174371   move    991.00        697.00        

102855189642   move    992.00        700.00        

102855189741   move    994.00        703.00        

102855189940   move    995.00        706.00        

102855190040   move    997.00        707.00        

102855190242   move    998.00        710.00        

102855190341   move    998.00        713.00        

102855197978   move    1000.00       715.00        

102855198056   move    1001.00       718.00        

102855198254   move    1003.00       721.00        

102855198353   move    1003.00       722.00        

102855198554   move    1004.00       724.00        

102855206322   move    1004.00       727.00        

102855206508   move    1006.00       728.00        

102855206620   move    1007.00       731.00        

102855206807   move    1007.00       733.00        

102855206922   move    1009.00       734.00        

102855214522   move    1009.00       737.00        

102855214629   move    1010.00       739.00        

102855214828   move    1010.00       740.00        

102855214928   move    1012.00       743.00        

102855215128   move    1012.00       745.00        

102855215229   move    1013.00       746.00        

102855222974   move    1013.00       749.00        

102855223073   move    1015.00       751.00        

102855223273   move    1015.00       752.00        

102855223360   move    1015.00       754.00        

102855223576   move    1016.00       755.00        

102855223675   move    1016.00       757.00        

102855231407   move    1018.00       758.00        

102855231493   move    1018.00       761.00        

102855231705   move    1018.00       763.00        

102855231792   move    1019.00       764.00        

102855232006   move    1019.00       766.00        

102855239541   move    1021.00       767.00        

102855239740   move    1021.00       769.00        

102855239840   move    1021.00       770.00        

102855240039   move    1022.00       772.00        

102855240139   move    1022.00       773.00        

102855248053   move    1024.00       778.00        

102855248152   move    1024.00       779.00        

102855248351   move    1025.00       779.00        

102855248453   move    1025.00       781.00        

102855248711   move    1022.00       775.00        

102855248808   move    1024.00       776.00        

102855256315   move    1025.00       782.00        

102855256413   move    1027.00       784.00        

102855256613   move    1027.00       785.00        

102855256902   move    1027.00       787.00        

102855257015   move    1028.00       788.00        

102855264770   move    1028.00       790.00        

102855264868   move    1028.00       791.00        

102855265068   move    1030.00       791.00        

102855265168   move    1030.00       793.00        

102855265369   move    1030.00       794.00        

102855265469   move    1031.00       794.00        

102855273177   move    1031.00       796.00        

102855273288   move    1031.00       797.00        

102855273588   move    1033.00       799.00        

102855273790   move    1033.00       800.00        

102855274090   move    1034.00       802.00        

102855274389   move    1034.00       803.00        

102855274476   move    1036.00       805.00        

102855289745   move    1037.00       806.00        

102855289930   move    1037.00       808.00        

102855290244   move    1039.00       809.00        

102855298169   move    1039.00       811.00        

102855298280   move    1040.00       811.00        

102855298580   move    1040.00       812.00        

102855298781   move    1042.00       812.00        

102855306317   move    1042.00       814.00        

102855306516   move    1043.00       814.00        

102855306816   move    1043.00       815.00        

102855306905   move    1045.00       815.00        

102855314656   move    1045.00       817.00        

102855314741   move    1046.00       817.00        

102855315040   move    1046.00       818.00        

102855315253   move    1048.00       818.00        

102855315354   move    1048.00       820.00        

102855323090   move    1049.00       820.00        

102855323388   move    1051.00       821.00        

102855323691   move    1052.00       823.00        

102855331530   move    1054.00       824.00        

102855331828   move    1055.00       824.00        

102855332029   move    1055.00       826.00        

102855339662   move    1057.00       826.00        

102855339956   move    1058.00       827.00        

102855340256   move    1060.00       827.00        

102855340458   move    1060.00       829.00        

102855348075   move    1061.00       829.00        

102855348274   move    1061.00       830.00        

102855348373   move    1063.00       830.00        

102855348675   move    1064.00       832.00        

102855356533   move    1066.00       832.00        

102855356732   move    1066.00       833.00        

102855356832   move    1067.00       833.00        

102855357133   move    1069.00       835.00        

102855364961   move    1070.00       835.00        

102855365148   move    1070.00       836.00        

102855365260   move    1072.00       836.00        

102855365561   move    1073.00       838.00        

102855373285   move    1075.00       838.00        

102855373581   move    1076.00       839.00        

102855373882   move    1078.00       839.00        

102855381426   move    1078.00       841.00        

102855381551   move    1079.00       841.00        

102855381802   move    1081.00       841.00        

102855389862   move    1082.00       842.00        

102855390173   move    1084.00       842.00        

102855390475   move    1084.00       844.00        

102855390574   move    1085.00       844.00        

102855398418   move    1087.00       844.00        

102855398717   move    1088.00       844.00        

102855398919   move    1088.00       845.00        

102855406529   move    1090.00       845.00        

102855406828   move    1091.00       845.00        

102855407127   move    1093.00       845.00        

102855414865   move    1094.00       845.00        

102855415165   move    1096.00       847.00        

102855423387   move    1099.00       847.00        

102855423689   move    1100.00       847.00        

102855424048   move    1097.00       847.00        

102855431656   move    1102.00       847.00        

102855431955   move    1103.00       847.00        

102855432054   move    1105.00       847.00        

102855432255   move    1105.00       848.00        

102855439886   move    1106.00       848.00        

102855440381   move    1108.00       848.00        

102855440682   move    1109.00       848.00        

102855448214   move    1111.00       848.00        

102855448513   move    1112.00       848.00        

102855448815   move    1114.00       850.00        

102855456533   move    1115.00       850.00        

102855456831   move    1117.00       850.00        

102855457133   move    1118.00       850.00        

102855465127   move    1120.00       851.00        

102855465525   move    1121.00       851.00        

102855465826   move    1123.00       851.00        

102855466125   move    1124.00       851.00        

102855466427   move    1126.00       853.00        

102855466726   move    1127.00       853.00        

102855467226   move    1129.00       853.00        

102855489973   move    1130.00       853.00        

102855490271   move    1132.00       854.00        

102855490673   move    1133.00       854.00        

102855498707   move    1135.00       854.00        

102855507040   move    1138.00       854.00        

102855507487   move    1136.00       854.00        

102855514982   move    1139.00       854.00        

102855515280   move    1141.00       854.00        

102855523409   move    1142.00       854.00        

102855523900   move    1144.00       854.00        

102855531867   move    1145.00       854.00        

102855532466   move    1147.00       854.00        

102855540785   move    1148.00       854.00        

102855557496   move    1150.00       854.00        

102855565685   move    1151.00       854.00        

102855599015   move    1153.00       854.00        

102855624017   move    1154.00       854.00        

102855640231   move    1156.00       854.00        

102855640589   move    1156.00       856.00        

102855648933   move    1157.00       856.00        

102855657454   move    1157.00       857.00        

102855665194   move    1159.00       857.00        

102855673631   move    1160.00       857.00        

102855674231   move    1160.00       859.00        

102855681750   move    1162.00       859.00        

102855690396   move    1163.00       860.00        

102855698832   move    1165.00       860.00        

102855706967   move    1165.00       862.00        

102855707166   move    1166.00       862.00        

102855715373   move    1168.00       862.00        

102855715484   move    1168.00       863.00        

102855723637   move    1169.00       863.00        

102855724238   move    1171.00       863.00        

102855732257   move    1172.00       865.00        

102855732812   move    1171.00       865.00        

102855823910   move    1195.00       877.00        

102855824471   move    1193.00       877.00        

102855832087   move    1195.00       878.00        

102855832384   move    1196.00       878.00        

102855840925   move    1198.00       878.00        

102855848841   move    1198.00       880.00        

102855924557   move    1198.00       879.00        

102855948854   move    1198.00       877.00        

102855973875   move    1198.00       876.00        

102855975469   move    1197.00       876.00        

102855999362   move    1197.00       874.00        

102856024468   move    1197.00       873.00        

102856032493   move    1195.00       873.00        

102856041126   move    1195.00       871.00        

102856057887   move    1194.00       871.00        

102856057998   move    1194.00       870.00        

102856082664   move    1194.00       868.00        

102856108125   move    1194.00       867.00        

