timeStamp      GazeRX  GazeRY  GazeLX  GazeLY  

start time: 95160925940
95160925940    830.664     525.992     830.664     525.992 

95160934321    833.647     525.718     833.647     525.718 

95160942593    837.071     527.194     837.071     527.194 

95160950951    837.806     526.898     837.806     526.898 

95160959340    835.718     526.488     835.718     526.488 

95160967701    833.746     525.998     833.746     525.998 

95160975973    831.475     524.966     831.475     524.966 

95160984328    833.678     524.984     833.678     524.984 

95160992702    832.838     524.601     832.838     524.601 

95161001083    837.029     524.786     837.029     524.786 

95161009461    837.865     524.05      837.865     524.05  

95161017696    838.599     523.366     838.599     523.366 

95161026078    836.726     523.85      836.726     523.85  

95161034451    833.322     523.491     833.322     523.491 

95161042840    829.214     524.209     829.214     524.209 

95161051080    828.006     524.933     828.006     524.933 

95161059448    830.017     526.96      830.017     526.96  

95161067827    831.447     528.44      831.447     528.44  

95161076207    831.057     529.193     831.057     529.193 

95161084456    830.516     530.146     830.516     530.146 

95161092837    830.476     531.383     830.476     531.383 

95161101204    821.201     528.497     821.201     528.497 

95161109581    736.541     468.323     736.541     468.323 

95161117827    676.471     364.371     676.471     364.371 

95161126200    618.614     288.841     618.614     288.841 

95161134587    560.584     188.917     560.584     188.917 

95161142955    474.664     135.477     474.664     135.477 

95161151210    465.001     124.724     465.001     124.724 

95161159573    492.016     121.422     492.016     121.422 

95161167943    481.996     140.854     481.996     140.854 

95161176340    491.291     124.2       491.291     124.2   

95161184571    494.213     133.774     494.213     133.774 

95161192955    487.937     147.338     487.937     147.338 

95161201333    488.32      157.289     488.32      157.289 

95161209702    505.412     162.629     505.412     162.629 

95161217955    500.904     150.511     500.904     150.511 

95161226328    503.485     153.641     503.485     153.641 

95161234706    503.155     158.938     503.155     158.938 

95161243087    507.141     164.135     507.141     164.135 

95161251328    513.372     159.664     513.372     159.664 

95161259700    509.926     159.538     509.926     159.538 

95161268082    515.708     164.79      515.708     164.79  

95161276457    516.862     166.854     516.862     166.854 

95161284702    517.774     166.712     517.774     166.712 

95161293073    518.603     165.118     518.603     165.118 

95161301448    518.598     166.146     518.598     166.146 

95161309836    516.784     169.095     516.784     169.095 

95161318076    515.374     169.801     515.374     169.801 

95161326446    518.729     168.312     518.729     168.312 

95161334822    520.444     168.826     520.444     168.826 

95161343220    520.739     169.387     520.739     169.387 

95161351466    518.353     170.029     518.353     170.029 

95161359827    516.47      170.799     516.47      170.799 

95161368192    518.856     168.618     518.856     168.618 

95161376577    517.439     169.474     517.439     169.474 

95161384824    518.06      169.08      518.06      169.08  

95161393193    517.127     170.287     517.127     170.287 

95161401587    519.237     169.936     519.237     169.936 

95161409962    516.74      169.803     516.74      169.803 

95161418199    518.436     170.314     518.436     170.314 

95161426578    516.753     170.954     516.753     170.954 

95161434942    518.152     170.938     518.152     170.938 

95161443339    520.289     171.023     520.289     171.023 

95161451574    520.368     172.461     520.368     172.461 

95161459953    520.269     173.967     520.269     173.967 

95161468318    519.387     175.581     519.387     175.581 

95161476695    520.537     177.343     520.537     177.343 

95161484961    520.208     177.863     520.208     177.863 

95161493328    517.814     177.311     517.814     177.311 

95161501702    516.633     176.086     516.633     176.086 

95161510064    514.441     176.382     514.441     176.382 

95161518313    512.627     175.407     512.627     175.407 

95161526696    509.145     177.26      509.145     177.26  

95161535076    508.841     175.987     508.841     175.987 

95161543452    507.544     173.944     507.544     173.944 

95161551690    503.491     174.287     503.491     174.287 

95161560065    503.052     172.371     503.052     172.371 

95161568453    502.748     169.692     502.748     169.692 

95161576831    500.748     167.144     500.748     167.144 

95161585065    501.295     165.396     501.295     165.396 

95161593452    502.146     164.961     502.146     164.961 

95161601817    501.499     168.698     501.499     168.698 

95161610201    503.558     163.646     503.558     163.646 

95161618454    508.31      161.865     508.31      161.865 

95161626827    507.873     162.147     507.873     162.147 

95161635194    509.408     163.113     509.408     163.113 

95161643582    512.761     162.479     512.761     162.479 

95161651823    514.737     162.867     514.737     162.867 

95161660194    515.904     166.18      515.904     166.18  

95161668586    517.917     168.148     517.917     168.148 

95161676942    518.612     169.224     518.612     169.224 

95161685196    519.397     170.589     519.397     170.589 

95161693576    519.524     170.502     519.524     170.502 

95161701944    520.877     171.746     520.877     171.746 

95161710335    519.34      173.906     519.34      173.906 

95161718573    519.362     174.93      519.362     174.93  

95161726944    520.602     175.607     520.602     175.607 

95161735312    519.596     176.859     519.596     176.859 

95161743715    519.469     177.45      519.469     177.45  

95161751959    519.548     177.14      519.548     177.14  

95161760336    522.392     178.102     522.392     178.102 

95161768699    523.541     178.725     523.541     178.725 

95161777075    525.488     178.847     525.488     178.847 

95161785315    525.395     178.003     525.395     178.003 

95161793701    519.31      179.061     519.31      179.061 

95161802079    519.959     178.825     519.959     178.825 

95161810450    517.227     179.856     517.227     179.856 

95161818709    519.289     179.751     519.289     179.751 

95161827074    519.704     180.532     519.704     180.532 

95161835435    521.002     180.819     521.002     180.819 

95161843843    520.495     181.495     520.495     181.495 

95161852075    520.147     180.883     520.147     180.883 

95161860446    522.489     181.073     522.489     181.073 

95161868822    528.182     181.724     528.182     181.724 

95161877197    530.978     182.619     530.978     182.619 

95161885452    530.984     183.188     530.984     183.188 

95161893822    539.848     183.2       539.848     183.2   

95161902186    538.825     181.178     538.825     181.178 

95161910561    535.852     182.802     535.852     182.802 

95161918822    533.71      182.966     533.71      182.966 

95161927192    531.515     182.505     531.515     182.505 

95161943957    529.586     182.563     529.586     182.563 

95161952196    528.831     183.302     528.831     183.302 

95161960572    532.091     182.418     532.091     182.418 

95161968938    531.991     181.017     531.991     181.017 

95161977335    528.294     181.062     528.294     181.062 

95161985562    524.771     180.373     524.771     180.373 

95161993947    523.028     182.551     523.028     182.551 

95162002317    521.54      181.93      521.54      181.93  

95162010696    523.16      181.282     523.16      181.282 

95162018956    524.958     180.648     524.958     180.648 

95162027322    524.91      185.736     524.91      185.736 

95162035701    524.219     181.546     524.219     181.546 

95162044076    525.298     180.15      525.298     180.15  

95162052315    523.755     181.27      523.755     181.27  

95162060694    521.647     180.666     521.647     180.666 

95162069085    520.744     179.783     520.744     179.783 

95162077440    520.596     181.293     520.596     181.293 

95162085821    521.458     180.99      521.458     180.99  

95162094071    521.955     179.654     521.955     179.654 

95162102435    522.444     180.347     522.444     180.347 

95162110831    522.491     180.379     522.491     180.379 

95162119194    522.006     179.201     522.006     179.201 

95162127434    522.241     179.707     522.241     179.707 

95162135809    522.935     182.055     522.935     182.055 

95162144208    523.41      180.5       523.41      180.5   

95162152581    526.144     181.317     526.144     181.317 

95162160822    527.154     181.371     527.154     181.371 

95162169192    527.421     181.42      527.421     181.42  

95162177570    527.634     180.782     527.634     180.782 

95162185814    530.216     180.694     530.216     180.694 

95162194195    529.379     180.117     529.379     180.117 

95162202576    530.559     180.976     530.559     180.976 

95162210953    532.423     180.88      532.423     180.88  

95162219315    532.18      179.54      532.18      179.54  

95162227568    531.242     179.328     531.242     179.328 

95162235943    530.526     179.31      530.526     179.31  

95162244346    528.997     179.018     528.997     179.018 

95162252690    528.52      179.523     528.52      179.523 

95162260942    528.774     180.603     528.774     180.603 

