timeStamp      action  positionX     positionY     

start time: 95333015031

95333165447    move    834.00        508.00        

95333165645    move    832.00        507.00        

95333165745    move    832.00        505.00        

95333165946    move    831.00        504.00        

95333166046    move    829.00        504.00        

95333173672    move    829.00        502.00        

95333173771    move    828.00        501.00        

95333173971    move    826.00        499.00        

95333174071    move    825.00        496.00        

95333174271    move    823.00        495.00        

95333182010    move    822.00        492.00        

95333182103    move    820.00        490.00        

95333182302    move    819.00        489.00        

95333182403    move    817.00        486.00        

95333182604    move    816.00        484.00        

95333182776    move    823.00        493.00        

95333190362    move    814.00        483.00        

95333190548    move    813.00        481.00        

95333190662    move    811.00        478.00        

95333190848    move    810.00        477.00        

95333190949    move    808.00        475.00        

95333191161    move    805.00        472.00        

95333191260    move    804.00        471.00        

95333198817    move    802.00        468.00        

95333198900    move    799.00        465.00        

95333199099    move    798.00        463.00        

95333199199    move    796.00        460.00        

95333207026    move    793.00        459.00        

95333207113    move    792.00        456.00        

95333207326    move    789.00        453.00        

95333207413    move    786.00        450.00        

95333207627    move    784.00        448.00        

95333207726    move    783.00        447.00        

95333215457    move    780.00        444.00        

95333215543    move    777.00        441.00        

95333215655    move    775.00        438.00        

95333215855    move    772.00        435.00        

95333215943    move    769.00        432.00        

95333223757    move    766.00        429.00        

95333223934    move    763.00        427.00        

95333224034    move    760.00        424.00        

95333224234    move    757.00        421.00        

95333224433    move    753.00        415.00        

95333232212    move    750.00        412.00        

95333232298    move    747.00        409.00        

95333232510    move    744.00        406.00        

95333232597    move    739.00        403.00        

95333232811    move    736.00        400.00        

95333240318    move    733.00        397.00        

95333240517    move    730.00        394.00        

95333240616    move    727.00        391.00        

95333240817    move    724.00        388.00        

95333240916    move    721.00        387.00        

95333241119    move    718.00        384.00        

95333248743    move    715.00        381.00        

95333248942    move    712.00        378.00        

95333249042    move    709.00        375.00        

95333249242    move    706.00        372.00        

95333249342    move    703.00        367.00        

95333257083    move    700.00        364.00        

95333257181    move    697.00        361.00        

95333257381    move    694.00        358.00        

95333257481    move    691.00        355.00        

95333257680    move    688.00        352.00        

95333257781    move    685.00        348.00        

95333265544    move    682.00        345.00        

95333265640    move    679.00        342.00        

95333265839    move    676.00        339.00        

95333265939    move    675.00        336.00        

95333266127    move    672.00        333.00        

95333266241    move    669.00        330.00        

95333273789    move    667.00        327.00        

95333273888    move    664.00        324.00        

95333274088    move    661.00        319.00        

95333274201    move    660.00        316.00        

95333274401    move    657.00        313.00        

95333274501    move    655.00        310.00        

95333282205    move    652.00        307.00        

95333282317    move    651.00        303.00        

95333282504    move    648.00        300.00        

95333282616    move    646.00        297.00        

95333282817    move    645.00        294.00        

95333290470    move    642.00        291.00        

95333290669    move    640.00        288.00        

95333290782    move    639.00        286.00        

95333290982    move    637.00        283.00        

95333291082    move    636.00        280.00        

95333291282    move    634.00        277.00        

95333291369    move    633.00        274.00        

95333298927    move    631.00        273.00        

95333298996    move    630.00        270.00        

95333299208    move    628.00        267.00        

95333299308    move    627.00        264.00        

95333307126    move    625.00        262.00        

95333307225    move    624.00        259.00        

95333307426    move    622.00        258.00        

95333307525    move    621.00        255.00        

95333307725    move    619.00        253.00        

95333307826    move    618.00        250.00        

95333315544    move    618.00        249.00        

95333315580    move    616.00        247.00        

95333315780    move    615.00        244.00        

95333315879    move    613.00        243.00        

95333316081    move    613.00        241.00        

95333323793    move    612.00        240.00        

95333323991    move    610.00        237.00        

95333324102    move    610.00        235.00        

95333324401    move    609.00        234.00        

95333324602    move    607.00        231.00        

95333332340    move    606.00        229.00        

95333332539    move    604.00        226.00        

95333332738    move    604.00        225.00        

95333332840    move    604.00        223.00        

95333340486    move    603.00        223.00        

95333340598    move    603.00        222.00        

95333340786    move    603.00        220.00        

95333340897    move    601.00        220.00        

95333341085    move    601.00        219.00        

95333348882    move    601.00        217.00        

95333348994    move    600.00        217.00        

95333349180    move    600.00        216.00        

95333357263    move    600.00        214.00        

95333366280    move    600.00        213.00        

95333399197    move    600.00        214.00        

95333407547    move    600.00        215.00        

95333415709    move    600.00        217.00        

95333416007    move    601.00        218.00        

95333423923    move    601.00        220.00        

95333424212    move    602.00        221.00        

95333424511    move    602.00        223.00        

95333424712    move    604.00        223.00        

95333432348    move    604.00        224.00        

95333432647    move    604.00        226.00        

95333432834    move    605.00        226.00        

95333440565    move    605.00        227.00        

95333440676    move    607.00        229.00        

95333440877    move    607.00        230.00        

95333441176    move    607.00        232.00        

95333441277    move    608.00        233.00        

95333449001    move    608.00        235.00        

95333449188    move    610.00        236.00        

95333449489    move    610.00        238.00        

95333449587    move    610.00        239.00        

95333457449    move    611.00        239.00        

95333457535    move    611.00        241.00        

95333457835    move    611.00        242.00        

95333465692    move    613.00        244.00        

95333465991    move    613.00        245.00        

95333466192    move    613.00        247.00        

95333466480    move    613.00        248.00        

95333474299    move    613.00        250.00        

95333474601    move    613.00        251.00        

95333482640    move    613.00        253.00        

95333483042    move    612.00        254.00        

95333490773    move    610.00        254.00        

95333490972    move    610.00        256.00        

95333491271    move    609.00        256.00        

95333491372    move    607.00        256.00        

95333491736    move    606.00        256.00        

95333491859    move    606.00        257.00        

95333491971    move    604.00        257.00        

95333492073    move    603.00        257.00        

95333507553    move    601.00        257.00        

95333507653    move    600.00        257.00        

95333507852    move    598.00        257.00        

95333515684    move    597.00        257.00        

95333515783    move    595.00        257.00        

95333515882    move    594.00        257.00        

95333516082    move    592.00        257.00        

95333516282    move    591.00        257.00        

95333516384    move    589.00        257.00        

95333524016    move    588.00        257.00        

95333524200    move    586.00        257.00        

95333524312    move    585.00        256.00        

95333524712    move    583.00        256.00        

95333524813    move    582.00        256.00        

95333532564    move    579.00        255.00        

95333532662    move    577.00        255.00        

95333532862    move    576.00        253.00        

95333532951    move    574.00        253.00        

95333533324    move    580.00        255.00        

95333540696    move    573.00        252.00        

95333540794    move    571.00        252.00        

95333541083    move    568.00        250.00        

95333541282    move    567.00        250.00        

95333541395    move    565.00        249.00        

95333549134    move    564.00        249.00        

95333549220    move    562.00        247.00        

95333549433    move    561.00        246.00        

95333549533    move    558.00        246.00        

95333549733    move    556.00        244.00        

95333549834    move    555.00        244.00        

95333557590    move    553.00        243.00        

95333557689    move    552.00        241.00        

95333557889    move    550.00        241.00        

95333557989    move    549.00        240.00        

95333558190    move    547.00        240.00        

95333565805    move    546.00        238.00        

95333566103    move    544.00        237.00        

95333566302    move    543.00        235.00        

95333566402    move    541.00        235.00        

95333574018    move    540.00        234.00        

95333574116    move    538.00        234.00        

95333574316    move    537.00        232.00        

95333574415    move    537.00        231.00        

95333574615    move    535.00        231.00        

95333574715    move    534.00        229.00        

95333582543    move    532.00        229.00        

95333582678    move    531.00        228.00        

95333582965    move    531.00        226.00        

95333583080    move    529.00        226.00        

95333590993    move    528.00        225.00        

95333591392    move    526.00        223.00        

95333599344    move    525.00        223.00        

95333599544    move    525.00        222.00        

95333608192    move    525.00        220.00        

95333616299    move    523.00        220.00        

95333708003    move    523.00        219.00        

95333724749    move    523.00        217.00        

95333741305    move    523.00        216.00        

95333749845    move    522.00        216.00        

95333750046    move    522.00        214.00        

95333758164    move    522.00        213.00        

95333766728    move    520.00        211.00        

95333766827    move    520.00        210.00        

95333774846    move    519.00        208.00        

95333782884    move    519.00        207.00        

95333783083    move    517.00        207.00        

95333783383    move    517.00        205.00        

95333791195    move    517.00        204.00        

95333791307    move    516.00        204.00        

95333791606    move    516.00        202.00        

95333791907    move    514.00        202.00        

95333800492    move    514.00        201.00        

95333807701    move    513.00        199.00        

95333808297    move    513.00        198.00        

95333808398    move    511.00        198.00        

95333816432    move    511.00        196.00        

95333816832    move    510.00        196.00        

95333824683    move    510.00        195.00        

95333833097    move    508.00        193.00        

95333841417    move    508.00        192.00        

95333841817    move    507.00        192.00        

95333849771    move    507.00        190.00        

95333858307    move    507.00        189.00        

