timeStamp      GazeRX  GazeRY  GazeLX  GazeLY  

start time: 68781971946
68781971946    0           0           0           0       

68781980322    0           0           0           0       

68781988697    0           0           0           0       

68781997076    0           0           0           0       

68782005319    0           0           0           0       

68782013684    0           0           0           0       

68782022063    0           0           0           0       

68782030435    579.916     1078.218    579.916     1078.218

68782038700    712.81      1146.26     712.81      1146.26 

68782047065    788.345     733.114     788.345     733.114 

68782055456    847.656     491.324     847.656     491.324 

68782063818    885.942     654.022     885.942     654.022 

68782072076    868.154     524.267     868.154     524.267 

68782080444    861.424     495.247     861.424     495.247 

68782088823    850.827     504.804     850.827     504.804 

68782097190    850.292     506.421     850.292     506.421 

68782105456    848.245     510.206     848.245     510.206 

68782113818    847.363     511.128     847.363     511.128 

68782122198    848.979     511.826     848.979     511.826 

68782130577    844.425     511.374     844.425     511.374 

68782138818    845.332     514.973     845.332     514.973 

68782155578    842.593     510.346     842.593     510.346 

68782163942    840.877     510.456     840.877     510.456 

68782172201    838.564     512.299     838.564     512.299 

68782180582    837.862     511.416     837.862     511.416 

68782188946    837.793     511.284     837.793     511.284 

68782197316    837.652     507.987     837.652     507.987 

68782205580    836.716     505         836.716     505     

68782213947    835.793     503.671     835.793     503.671 

68782222318    806.155     487.531     806.155     487.531 

68782230699    768.6       452.762     768.6       452.762 

68782238942    721.752     416.37      721.752     416.37  

68782247320    656.903     338.944     656.903     338.944 

68782255701    605.431     306.684     605.431     306.684 

68782264077    545.416     246.885     545.416     246.885 

68782272320    539.253     240.207     539.253     240.207 

68782280695    533.409     233.55      533.409     233.55  

68782289065    528.603     229.104     528.603     229.104 

68782297429    527.162     229.291     527.162     229.291 

68782305700    526.491     228.33      526.491     228.33  

68782314065    526.326     224.21      526.326     224.21  

68782322442    525.115     223.151     525.115     223.151 

68782330813    522.804     220.374     522.804     220.374 

68782339071    519.995     218.863     519.995     218.863 

68782347446    518.313     216.099     518.313     216.099 

68782355826    515.051     211.887     515.051     211.887 

68782364196    513.157     207.834     513.157     207.834 

68782372440    510.035     207.157     510.035     207.157 

68782380812    509.124     205.863     509.124     205.863 

68782389194    507.763     203.214     507.763     203.214 

68782397571    504.703     200.281     504.703     200.281 

68782405819    502.877     196.933     502.877     196.933 

68782414188    499.593     189.452     499.593     189.452 

68782422562    498.465     183.65      498.465     183.65  

68782430947    496.205     177.624     496.205     177.624 

68782439195    493.891     174.857     493.891     174.857 

68782447573    491.855     175.455     491.855     175.455 

68782455941    489.296     172.844     489.296     172.844 

68782464317    489.241     172.975     489.241     172.975 

68782472568    487.327     170.614     487.327     170.614 

68782480939    487.079     170.555     487.079     170.555 

68782489317    486.754     169.859     486.754     169.859 

68782497696    486.479     167.701     486.479     167.701 

68782505962    484.722     167.964     484.722     167.964 

68782514316    482.279     168.16      482.279     168.16  

68782522693    482.846     170.482     482.846     170.482 

68782531077    482.977     171.078     482.977     171.078 

68782539319    483.31      171.454     483.31      171.454 

68782547684    483.692     171.601     483.692     171.601 

68782556072    482.567     171.052     482.567     171.052 

68782564445    481.845     171.843     481.845     171.843 

68782572706    476.45      169.701     476.45      169.701 

68782581069    475.975     165.828     475.975     165.828 

68782589434    473.242     165.215     473.242     165.215 

68782597820    471.678     163.963     471.678     163.963 

68782606060    473.283     166.83      473.283     166.83  

68782614434    471.9       161.185     471.9       161.185 

68782622825    471.544     157.821     471.544     157.821 

68782631198    470.044     154.005     470.044     154.005 

68782639439    470.158     153.045     470.158     153.045 

68782647812    471.122     152.835     471.122     152.835 

68782656201    470.344     151.458     470.344     151.458 

68782664584    472.196     151.234     472.196     151.234 

68782672820    472.866     153.53      472.866     153.53  

68782681189    474.566     155.813     474.566     155.813 

68782689561    475.154     158.605     475.154     158.605 

68782697954    475.498     160.361     475.498     160.361 

68782706201    474.038     161.586     474.038     161.586 

68782714565    474.976     164.58      474.976     164.58  

68782722943    474.988     164.138     474.988     164.138 

68782731322    473.582     165.379     473.582     165.379 

68782739567    473.323     164.56      473.323     164.56  

68782747941    472.426     163.214     472.426     163.214 

68782756332    472.343     160.554     472.343     160.554 

68782764690    471.307     159.614     471.307     159.614 

68782772940    471.43      159.399     471.43      159.399 

68782781307    471.788     156.367     471.788     156.367 

68782789695    471.146     155.142     471.146     155.142 

68782798070    471.715     154.656     471.715     154.656 

68782806316    471.887     152.748     471.887     152.748 

68782814706    471.825     153.329     471.825     153.329 

68782823062    472.572     151.794     472.572     151.794 

68782831444    473.264     152.088     473.264     152.088 

68782839692    474.05      153.069     474.05      153.069 

68782848072    474.028     153.7       474.028     153.7   

68782856439    475.533     154.662     475.533     154.662 

68782864809    475.588     154.608     475.588     154.608 

68782873066    476.866     155.166     476.866     155.166 

68782881433    477.508     155.692     477.508     155.692 

68782889825    477.641     155.371     477.641     155.371 

68782898196    477.235     155.35      477.235     155.35  

68782906562    477.948     154.572     477.948     154.572 

68782914816    478.634     154.706     478.634     154.706 

68782923188    478.928     154.561     478.928     154.561 

68782931567    478.86      153.829     478.86      153.829 

68782939809    478.85      154.414     478.85      154.414 

68782948190    476.867     153.671     476.867     153.671 

68782956563    476.556     154.249     476.556     154.249 

68782964941    474.953     154.344     474.953     154.344 

68782973203    474.754     153.697     474.754     153.697 

68782981565    475.436     154.169     475.436     154.169 

68782989939    475.574     154.565     475.574     154.565 

68782998306    475.802     156.103     475.802     156.103 

68783006583    474.148     156.585     474.148     156.585 

68783014943    473.702     157.819     473.702     157.819 

68783023324    472.204     159.542     472.204     159.542 

68783031692    472.445     159.671     472.445     159.671 

68783039937    472.394     160.05      472.394     160.05  

68783048309    471.724     159.812     471.724     159.812 

