timeStamp      GazeRX  GazeRY  GazeLX  GazeLY  

start time: 68711108479
68711108479    829.095     518.704     829.095     518.704 

68711116843    828.312     518.248     828.312     518.248 

68711125225    827.743     517.205     827.743     517.205 

68711133597    828.254     516.501     828.254     516.501 

68711141842    827.736     518.246     827.736     518.246 

68711150216    826.36      517.848     826.36      517.848 

68711158591    818.728     523.621     818.728     523.621 

68711166963    688.927     601.873     688.927     601.873 

68711175218    616.803     668.478     616.803     668.478 

68711183588    528.801     761.939     528.801     761.939 

68711191967    491.632     804.056     491.632     804.056 

68711200218    476.096     808.819     476.096     808.819 

68711208592    473.487     803.416     473.487     803.416 

68711216971    473.591     811.416     473.591     811.416 

68711225341    476.366     813.522     476.366     813.522 

68711233581    475.848     814.017     475.848     814.017 

68711241953    473.689     815.861     473.689     815.861 

68711250359    474.178     815.19      474.178     815.19  

68711258728    473.623     813.59      473.623     813.59  

68711267109    472.952     814.667     472.952     814.667 

68711275340    471.735     816.534     471.735     816.534 

68711283709    469.876     816.421     469.876     816.421 

68711292101    470.045     816.884     470.045     816.884 

68711300464    470.152     818.158     470.152     818.158 

68711308717    469.559     818.187     469.559     818.187 

68711317083    467.62      818.812     467.62      818.812 

68711325460    468.537     820.561     468.537     820.561 

68711333851    470.397     829.515     470.397     829.515 

68711342081    470.813     832.022     470.813     832.022 

68711350478    471.342     834.167     471.342     834.167 

68711358832    473.169     839.384     473.169     839.384 

68711367212    474.963     848.156     474.963     848.156 

68711375472    476.401     852.721     476.401     852.721 

68711383843    476.349     851.338     476.349     851.338 

68711392215    478.52      849.763     478.52      849.763 

68711400589    480.348     852.593     480.348     852.593 

68711408836    481.86      853.811     481.86      853.811 

68711417216    482.29      856.935     482.29      856.935 

68711425599    482.045     857.216     482.045     857.216 

68711433968    482.026     857.726     482.026     857.726 

68711450598    482.008     857.897     482.008     857.897 

68711458964    481.57      857.588     481.57      857.588 

68711467348    481.26      857.047     481.26      857.047 

68711475596    482.113     856.79      482.113     856.79  

68711483962    481.98      857.319     481.98      857.319 

68711492330    481.852     857.838     481.852     857.838 

68711500714    481.249     857.275     481.249     857.275 

68711508967    481.249     856.744     481.249     856.744 

68711517346    480.53      856.479     480.53      856.479 

68711525721    479.8       857.003     479.8       857.003 

68711534092    479.6       858.283     479.6       858.283 

68711550719    479.781     859.052     479.781     859.052 

68711559096    480.012     859.631     480.012     859.631 

68711567476    480.181     859.905     480.181     859.905 

68711575712    480.204     859.495     480.204     859.495 

68711584088    479.815     858.691     479.815     858.691 

68711592462    480.238     860.807     480.238     860.807 

68711600847    479.401     861.425     479.401     861.425 

68711609093    480.245     861.032     480.245     861.032 

68711617465    480.803     859.205     480.803     859.205 

68711625836    481.216     857.391     481.216     857.391 

68711634210    481.72      857.727     481.72      857.727 

68711650846    481.872     854.887     481.872     854.887 

68711659216    481.598     854.215     481.598     854.215 

68711667586    482.422     853.196     482.422     853.196 

68711675838    482.866     851.979     482.866     851.979 

68711684212    482.97      852.252     482.97      852.252 

68711692593    484.512     850.235     484.512     850.235 

68711700968    485.506     849.723     485.506     849.723 

68711709211    486.282     850.225     486.282     850.225 

68711717583    487.237     850.465     487.237     850.465 

68711725959    486.808     849.616     486.808     849.616 

68711734345    487.746     849.219     487.746     849.219 

68711742590    488.424     848.886     488.424     848.886 

68711750973    489.888     848.904     489.888     848.904 

68711759336    488.88      848.355     488.88      848.355 

68711767714    489.432     849.529     489.432     849.529 

68711775970    489.443     848.304     489.443     848.304 

68711784334    488.655     848.26      488.655     848.26  

68711792712    487.683     848.179     487.683     848.179 

68711801081    486.937     847.899     486.937     847.899 

68711809337    486.537     847.548     486.537     847.548 

68711817717    486.35      847.537     486.35      847.537 

68711826089    486.597     848.704     486.597     848.704 

68711834469    486.356     848.692     486.356     848.692 

68711842713    485.76      847.868     485.76      847.868 

68711851097    486.241     849.223     486.241     849.223 

68711859458    486.44      848.141     486.44      848.141 

68711867843    486.731     847.579     486.731     847.579 

68711876087    487.419     848.664     487.419     848.664 

68711884455    488.017     849.985     488.017     849.985 

68711892838    488.557     850.378     488.557     850.378 

68711901202    488.484     850.389     488.484     850.389 

68711909464    488.663     851.348     488.663     851.348 

68711917840    488.147     851.298     488.147     851.298 

68711926215    487.764     851.715     487.764     851.715 

68711934578    487.605     852.61      487.605     852.61  

68711942834    487.438     851.752     487.438     851.752 

68711951209    486.585     852.486     486.585     852.486 

68711959601    486.198     852.783     486.198     852.783 

68711967968    485.864     852.333     485.864     852.333 

68711976211    485.896     851.293     485.896     851.293 

68711984583    486.315     849.902     486.315     849.902 

68711992956    486.308     849.812     486.308     849.812 

68712001351    486.457     849.037     486.457     849.037 

68712009587    486.655     848.606     486.655     848.606 

68712017958    487.411     848.544     487.411     848.544 

68712026330    486.806     849.185     486.806     849.185 

68712034705    485.905     850.848     485.905     850.848 

68712042969    485.764     849.879     485.764     849.879 

68712051347    485.8       850.6       485.8       850.6   

68712059710    485.611     851.11      485.611     851.11  

68712068089    484.995     851.268     484.995     851.268 

68712076331    484.685     851.692     484.685     851.692 

68712084702    484.82      852.24      484.82      852.24  

68712093095    483.21      853.64      483.21      853.64  

68712101462    482.884     854.782     482.884     854.782 

68712109706    482.416     855.039     482.416     855.039 

68712118105    483.932     854.744     483.932     854.744 

68712126453    483.76      854.477     483.76      854.477 

68712134840    484.95      855.132     484.95      855.132 

68712143084    485.775     855.662     485.775     855.662 

68712151474    487.269     855.111     487.269     855.111 

68712159827    488.022     855.482     488.022     855.482 

68712168210    488.783     856.034     488.783     856.034 

68712176468    489.256     855.316     489.256     855.316 

68712184837    489.978     854.705     489.978     854.705 

68712193211    490.642     853.872     490.642     853.872 

68712201584    491.489     853.77      491.489     853.77  

68712209832    491.792     854.363     491.792     854.363 

68712218204    492.511     854.383     492.511     854.383 

68712226581    492.696     855.284     492.696     855.284 

68712234965    492.22      856.635     492.22      856.635 

68712243213    491.605     857.623     491.605     857.623 

68712251585    491.654     857.895     491.654     857.895 

68712259958    490.997     857.601     490.997     857.601 

68712268344    489.981     858.951     489.981     858.951 

68712276587    490.033     859.299     490.033     859.299 

68712284960    489.448     857.59      489.448     857.59  

68712293331    488.299     855.718     488.299     855.718 

68712301708    487.05      853.031     487.05      853.031 

68712310095    487.373     852.2       487.373     852.2   

68712318329    487.588     853.19      487.588     853.19  

68712326706    487.721     850.65      487.721     850.65  

68712335078    487.782     846.494     487.782     846.494 

