timeStamp      GazeRX  GazeRY  GazeLX  GazeLY  

start time: 68470540789
68470540789    834.383     523.379     834.383     523.379 

68470549152    834.304     524.257     834.304     524.257 

68470557528    833.747     524.685     833.747     524.685 

68470565772    834.015     524.444     834.015     524.444 

68470574144    833.787     524.597     833.787     524.597 

68470582553    832.996     525.117     832.996     525.117 

68470590895    832.853     524.831     832.853     524.831 

68470599151    833.109     523.586     833.109     523.586 

68470607542    832.997     524.403     832.997     524.403 

68470615903    832.624     525.977     832.624     525.977 

68470624287    832.347     525.141     832.347     525.141 

68470632531    832.029     525.217     832.029     525.217 

68470640902    832.543     525.124     832.543     525.124 

68470649295    832.906     524.64      832.906     524.64  

68470657646    832.948     525.478     832.948     525.478 

68470665915    832.854     525.583     832.854     525.583 

68470674281    833.13      524.976     833.13      524.976 

68470682649    832.901     526.747     832.901     526.747 

68470691023    832.576     527.291     832.576     527.291 

68470699269    832.463     526.903     832.463     526.903 

68470707661    833.114     525.442     833.114     525.442 

68470716040    833.646     526.408     833.646     526.408 

68470724393    824.44      531.71      824.44      531.71  

68470732650    698.337     633.803     698.337     633.803 

68470741029    614.614     702.142     614.614     702.142 

68470749400    507.914     801.927     507.914     801.927 

68470757787    487.96      869.246     487.96      869.246 

68470766032    495.573     866.844     495.573     866.844 

68470774389    486.628     860.303     486.628     860.303 

68470782777    479.178     861.55      479.178     861.55  

68470791147    481.069     865.035     481.069     865.035 

68470807784    481.943     866.714     481.943     866.714 

68470816219    480.857     865.425     480.857     865.425 

68470824558    481.081     866.68      481.081     866.68  

68470832784    481.008     865.258     481.008     865.258 

68470841154    479.337     866.383     479.337     866.383 

68470849552    478.923     865.996     478.923     865.996 

68470857900    477.806     865.394     477.806     865.394 

68470866154    477.134     866.992     477.134     866.992 

68470874515    476.56      867.622     476.56      867.622 

68470882900    475.576     867.023     475.576     867.023 

68470891290    474.823     865.763     474.823     865.763 

68470899527    474.57      863.706     474.57      863.706 

68470907912    475.362     862.13      475.362     862.13  

68470916280    475.124     860.605     475.124     860.605 

68470924643    474.943     859.238     474.943     859.238 

68470932914    475.011     858.92      475.011     858.92  

68470941268    475.187     857.621     475.187     857.621 

68470949647    475.964     856.526     475.964     856.526 

68470958030    477.956     855.304     477.956     855.304 

68470966270    478.727     854.387     478.727     854.387 

68470974647    479.175     853.119     479.175     853.119 

68470983035    478.605     851.994     478.605     851.994 

68470991398    479.235     852.523     479.235     852.523 

68471008037    479.94      853.886     479.94      853.886 

68471016404    480.638     853.584     480.638     853.584 

68471024780    481.111     852.566     481.111     852.566 

68471033031    480.017     852.915     480.017     852.915 

68471041395    478.572     852.729     478.572     852.729 

68471049772    478.24      853.263     478.24      853.263 

68471058140    478.786     852.687     478.786     852.687 

68471066410    479.666     853.797     479.666     853.797 

68471074780    481.074     854.638     481.074     854.638 

68471083148    481.256     854.268     481.256     854.268 

68471091512    482.087     854.147     482.087     854.147 

68471108150    480.17      854.585     480.17      854.585 

68471116539    480.155     854.167     480.155     854.167 

68471124897    480.686     854.888     480.686     854.888 

68471133141    480.988     854.662     480.988     854.662 

68471141519    480.623     854.269     480.623     854.269 

68471149897    479.877     854.231     479.877     854.231 

68471158278    478.743     853.957     478.743     853.957 

68471166519    478.519     853.494     478.519     853.494 

68471174889    478.726     853.781     478.726     853.781 

68471183283    477.683     853.242     477.683     853.242 

68471191642    477.809     852.808     477.809     852.808 

68471199916    477.585     854.047     477.585     854.047 

68471208277    476.625     855.568     476.625     855.568 

68471216644    476.709     855.741     476.709     855.741 

68471224893    476.856     855.786     476.856     855.786 

68471233285    476.885     855.031     476.885     855.031 

68471241643    477.393     855.876     477.393     855.876 

68471250037    477.245     855.686     477.245     855.686 

68471258273    477.081     855.674     477.081     855.674 

68471266642    476.527     855.025     476.527     855.025 

68471275021    477.019     854.868     477.019     854.868 

68471283395    477.868     854.607     477.868     854.607 

68471291647    478.82      854.119     478.82      854.119 

68471308404    480.517     853.232     480.517     853.232 

68471316772    480.712     853.005     480.712     853.005 

68471325141    481.404     853.617     481.404     853.617 

68471333406    481.417     853.933     481.417     853.933 

68471341767    481.61      853.822     481.61      853.822 

68471350148    480.812     854.626     480.812     854.626 

68471358513    480.769     855.447     480.769     855.447 

68471366768    479.131     855.949     479.131     855.949 

68471375141    477.379     855.39      477.379     855.39  

68471383535    476.232     853.815     476.232     853.815 

68471391886    476.615     854.03      476.615     854.03  

68471400147    475.896     853.198     475.896     853.198 

68471408521    475.483     852.517     475.483     852.517 

68471416896    475.185     852.179     475.185     852.179 

68471425158    474.321     851.161     474.321     851.161 

68471433519    473.127     850.628     473.127     850.628 

68471441894    473.567     849.959     473.567     849.959 

68471450267    472.941     848.937     472.941     848.937 

68471458511    474.337     848.558     474.337     848.558 

68471466894    475.264     848.362     475.264     848.362 

68471475281    475.17      848.935     475.17      848.935 

68471483640    474.887     848.307     474.887     848.307 

68471491892    474.694     849.199     474.694     849.199 

68471508647    475.407     847.591     475.407     847.591 

68471517040    475.898     848.323     475.898     848.323 

68471525389    476.098     849.84      476.098     849.84  

68471533641    476.75      850.498     476.75      850.498 

68471542014    477.57      850.864     477.57      850.864 

68471550394    477.057     851.029     477.057     851.029 

68471558777    477.557     851.145     477.557     851.145 

68471567022    478.888     852.139     478.888     852.139 

68471575391    479.929     851.545     479.929     851.545 

68471583771    480.325     850.48      480.325     850.48  

68471592138    480.85      851.508     480.85      851.508 

68471608769    480.896     851.374     480.896     851.374 

68471617141    481.276     850.515     481.276     850.515 

68471625517    481.79      850.82      481.79      850.82  

68471633767    481.564     850.744     481.564     850.744 

68471642139    481.67      851.311     481.67      851.311 

68471650525    481.569     851.755     481.569     851.755 

68471658887    481.421     852.089     481.421     852.089 

68471667142    480.832     853.897     480.832     853.897 

68471675521    480.659     854.6       480.659     854.6   

68471683896    480.623     854.956     480.623     854.956 

68471692282    480.538     855.071     480.538     855.071 

68471700524    480.113     854.998     480.113     854.998 

68471708897    479.671     855.609     479.671     855.609 

68471717271    479.017     855.097     479.017     855.097 

68471725643    478.614     855.039     478.614     855.039 

68471733907    477.838     854.036     477.838     854.036 

68471742276    477.157     852.236     477.157     852.236 

68471750634    477.82      851.782     477.82      851.782 

68471759009    478.333     851.058     478.333     851.058 

68471767268    477.718     850.708     477.718     850.708 

68471775641    478.051     850.384     478.051     850.384 

68471784023    477.659     851.433     477.659     851.433 

68471792397    478.75      851.38      478.75      851.38  

68471809017    479.084     852.86      479.084     852.86  

68471817406    478.776     852.654     478.776     852.654 

