timeStamp      action  positionX     positionY     

start time: 363513947597

363514007134   move    831.00        540.00        

363514007232   move    830.00        541.00        

363514007434   move    829.00        542.00        

363514022694   move    827.00        545.00        

363514022792   move    825.00        546.00        

363514022992   move    824.00        548.00        

363514023092   move    823.00        549.00        

363514023294   move    821.00        551.00        

363514024292   move    828.00        543.00        

363514031043   move    820.00        553.00        

363514031241   move    818.00        555.00        

363514031342   move    817.00        556.00        

363514031541   move    815.00        558.00        

363514031642   move    813.00        561.00        

363514039300   move    810.00        564.00        

363514039399   move    807.00        568.00        

363514039587   move    804.00        572.00        

363514039699   move    801.00        575.00        

363514039886   move    798.00        578.00        

363514040000   move    795.00        582.00        

363514047686   move    792.00        585.00        

363514047797   move    788.00        589.00        

363514047997   move    786.00        592.00        

363514048096   move    783.00        595.00        

363514048298   move    780.00        598.00        

363514048397   move    777.00        601.00        

363514056140   move    774.00        604.00        

363514056239   move    771.00        607.00        

363514056438   move    768.00        610.00        

363514056538   move    765.00        612.00        

363514056740   move    762.00        615.00        

363514064444   move    757.00        621.00        

363514064530   move    753.00        624.00        

363514064742   move    750.00        627.00        

363514064830   move    747.00        630.00        

363514065187   move    760.00        618.00        

363514072612   move    744.00        633.00        

363514072710   move    740.00        636.00        

363514072910   move    737.00        639.00        

363514073009   move    734.00        642.00        

363514073210   move    731.00        645.00        

363514073311   move    727.00        648.00        

363514081035   move    724.00        650.00        

363514081135   move    721.00        653.00        

363514081335   move    717.00        657.00        

363514081435   move    713.00        659.00        

363514081635   move    710.00        662.00        

363514081736   move    706.00        665.00        

363514089508   move    703.00        668.00        

363514089607   move    699.00        670.00        

363514089807   move    695.00        674.00        

363514089907   move    691.00        676.00        

363514090109   move    687.00        679.00        

363514097612   move    684.00        681.00        

363514097811   move    680.00        684.00        

363514098010   move    673.00        689.00        

363514098210   move    669.00        691.00        

363514098311   move    665.00        693.00        

363514106035   move    662.00        696.00        

363514106134   move    658.00        698.00        

363514106334   move    655.00        700.00        

363514106433   move    650.00        703.00        

363514106634   move    647.00        705.00        

363514106736   move    643.00        707.00        

363514106934   move    640.00        709.00        

363514107035   move    636.00        712.00        

363514107234   move    633.00        714.00        

363514107333   move    629.00        716.00        

363514107535   move    625.00        718.00        

363514122812   move    619.00        722.00        

363514122903   move    616.00        723.00        

363514123102   move    613.00        725.00        

363514123202   move    609.00        727.00        

363514123404   move    606.00        729.00        

363514124419   move    622.00        720.00        

363514131052   move    603.00        731.00        

363514131239   move    600.00        732.00        

363514131351   move    597.00        734.00        

363514131539   move    594.00        736.00        

363514131652   move    591.00        738.00        

363514139399   move    588.00        739.00        

363514139510   move    586.00        741.00        

363514139711   move    583.00        742.00        

363514139811   move    581.00        744.00        

363514140010   move    578.00        745.00        

363514140112   move    575.00        747.00        

363514147810   move    573.00        748.00        

363514147908   move    571.00        749.00        

363514148108   move    569.00        751.00        

363514148196   move    566.00        752.00        

363514148411   move    564.00        753.00        

363514148510   move    562.00        754.00        

363514156244   move    560.00        756.00        

363514156330   move    558.00        757.00        

363514156543   move    556.00        758.00        

363514156630   move    555.00        759.00        

363514156844   move    553.00        760.00        

363514164382   move    551.00        761.00        

363514164581   move    549.00        762.00        

363514164680   move    548.00        763.00        

363514164881   move    546.00        764.00        

363514164980   move    545.00        765.00        

363514172696   move    542.00        768.00        

363514172897   move    541.00        768.00        

363514173298   move    539.00        769.00        

363514173557   move    544.00        766.00        

363514181142   move    536.00        772.00        

363514181241   move    535.00        773.00        

363514181440   move    534.00        774.00        

363514181540   move    533.00        775.00        

363514181729   move    532.00        775.00        

363514181842   move    531.00        776.00        

363514189594   move    530.00        777.00        

363514189694   move    529.00        778.00        

363514189893   move    528.00        778.00        

363514189993   move    527.00        779.00        

363514190195   move    527.00        780.00        

363514197729   move    526.00        780.00        

363514197907   move    525.00        781.00        

363514198207   move    524.00        782.00        

363514198319   move    523.00        783.00        

363514206147   move    522.00        784.00        

363514206246   move    521.00        784.00        

363514206445   move    521.00        785.00        

363514206545   move    520.00        785.00        

363514206733   move    520.00        786.00        

363514206848   move    519.00        786.00        

363514207047   move    519.00        787.00        

363514207146   move    518.00        787.00        

363514207334   move    518.00        788.00        

363514207648   move    517.00        789.00        

363514223002   move    517.00        790.00        

363514223300   move    516.00        791.00        

363514231260   move    516.00        792.00        

363514231559   move    516.00        793.00        

363514231847   move    516.00        794.00        

363514239486   move    515.00        794.00        

363514239571   move    515.00        795.00        

363514239872   move    515.00        796.00        

363514240185   move    515.00        797.00        

363514248121   move    514.00        798.00        

363514248320   move    514.00        799.00        

363514248623   move    514.00        800.00        

363514256249   move    514.00        801.00        

363514256548   move    514.00        802.00        

363514256835   move    514.00        803.00        

363514264765   move    514.00        805.00        

363514264852   move    514.00        806.00        

363514265165   move    514.00        807.00        

363514265424   move    514.00        804.00        

363514273022   move    514.00        808.00        

363514273221   move    514.00        809.00        

363514273521   move    514.00        810.00        

363514273622   move    513.00        811.00        

363514281482   move    513.00        812.00        

363514281782   move    513.00        813.00        

363514281983   move    513.00        814.00        

363514289784   move    513.00        815.00        

363514289884   move    513.00        816.00        

363514290183   move    513.00        817.00        

363514290385   move    512.00        817.00        

363514298030   move    512.00        818.00        

363514298329   move    512.00        819.00        

363514298629   move    512.00        820.00        

363514306383   move    512.00        821.00        

363514306681   move    511.00        821.00        

363514306868   move    511.00        822.00        

363514307169   move    511.00        823.00        

363514307482   move    511.00        824.00        

363514307581   move    510.00        824.00        

363514307783   move    510.00        825.00        

363514323049   move    510.00        826.00        

363514323313   move    510.00        827.00        

363514323413   move    509.00        827.00        

363514323614   move    509.00        828.00        

363514331571   move    509.00        829.00        

363514331871   move    509.00        830.00        

363514339583   move    508.00        831.00        

363514339681   move    508.00        832.00        

363514339981   move    508.00        833.00        

363514340282   move    508.00        834.00        

363514348130   move    508.00        835.00        

363514348329   move    508.00        836.00        

363514348630   move    508.00        837.00        

363514356493   move    507.00        838.00        

363514356591   move    507.00        839.00        

363514356891   move    507.00        840.00        

363514364879   move    507.00        842.00        

363514365178   move    507.00        843.00        

363514365544   move    507.00        841.00        

363514373029   move    507.00        844.00        

363514373328   move    507.00        845.00        

363514381384   move    507.00        846.00        

363514381682   move    506.00        847.00        

363514382097   move    506.00        848.00        

363514389898   move    506.00        849.00        

363514390400   move    505.00        850.00        

363514398239   move    505.00        851.00        

363514398626   move    505.00        852.00        

363514398840   move    504.00        852.00        

363514406346   move    504.00        853.00        

363514406857   move    504.00        854.00        

363514407059   move    503.00        855.00        

363514407558   move    503.00        856.00        

363514407859   move    503.00        857.00        

