timeStamp      GazeRX  GazeRY  GazeLX  GazeLY  

start time: 189767567318
189767567318   825.789     517.478     825.789     517.478 

189767575683   823.91      515.932     823.91      515.932 

189767584134   824.328     515.121     824.328     515.121 

189767592435   823.388     514.86      823.388     514.86  

189767600690   822.354     514.344     822.354     514.344 

189767609056   824.524     513.593     824.524     513.593 

189767617446   825.135     512.919     825.135     512.919 

189767625819   825.967     513.129     825.967     513.129 

189767634056   826.082     512.681     826.082     512.681 

189767642430   826.49      512.83      826.49      512.83  

189767650808   826.005     512.542     826.005     512.542 

189767659178   828.8       515.026     828.8       515.026 

189767667437   830.633     513.011     830.633     513.011 

189767675800   832.424     513.989     832.424     513.989 

189767684195   833.07      513.013     833.07      513.013 

189767692559   832.7       513.078     832.7       513.078 

189767700811   830.267     512.145     830.267     512.145 

189767709175   829.304     511.484     829.304     511.484 

189767717566   830.226     512.755     830.226     512.755 

189767725935   831.94      511.37      831.94      511.37  

189767734172   841.627     512.266     841.627     512.266 

189767742560   975.543     516.031     975.543     516.031 

189767750943   1124.883    513.873     1124.883    513.873 

189767759312   1263.886    515.658     1263.886    515.658 

189767767571   1312.152    513.837     1312.152    513.837 

189767775966   1333.373    514.837     1333.373    514.837 

189767784309   1327.11     513.94      1327.11     513.94  

189767792691   1323.888    513.548     1323.888    513.548 

189767800964   1322.542    514.614     1322.542    514.614 

189767809304   1320.946    512.824     1320.946    512.824 

189767817680   1323.306    512.204     1323.306    512.204 

189767826082   1323.755    510.339     1323.755    510.339 

189767834308   1322.703    509.831     1322.703    509.831 

189767842690   1321.717    508.18      1321.717    508.18  

189767851100   1322.2      508.547     1322.2      508.547 

189767859424   1322.117    508.746     1322.117    508.746 

189767867687   1321.398    508.803     1321.398    508.803 

189767884434   1320.959    511.055     1320.959    511.055 

189767892821   1319.641    510.724     1319.641    510.724 

189767901088   1320.483    512.037     1320.483    512.037 

189767909427   1318.987    513.344     1318.987    513.344 

189767917815   1317.837    513.285     1317.837    513.285 

189767926180   1316.843    512.411     1316.843    512.411 

189767934438   1316.134    514.369     1316.134    514.369 

189767942808   1314.443    513.774     1314.443    513.774 

189767951178   1314.061    513.739     1314.061    513.739 

189767959553   1314.825    512.716     1314.825    512.716 

189767967806   1323.154    511.465     1323.154    511.465 

189767976173   1324.935    513.122     1324.935    513.122 

189767984567   1327.671    514.496     1327.671    514.496 

189767992929   1329.327    516.451     1329.327    516.451 

189768001185   1337.91     517.793     1337.91     517.793 

189768009550   1339.798    516.35      1339.798    516.35  

189768017930   1344.64     515.13      1344.64     515.13  

189768026305   1346.094    514.408     1346.094    514.408 

189768034555   1347.67     512.551     1347.67     512.551 

189768042934   1348.23     511.028     1348.23     511.028 

189768051297   1350.717    510.382     1350.717    510.382 

189768059680   1351.789    509.313     1351.789    509.313 

189768067945   1353.131    508.476     1353.131    508.476 

189768084688   1355.733    504.765     1355.733    504.765 

189768092941   1355.979    504.44      1355.979    504.44  

189768101305   1355.862    503.545     1355.862    503.545 

189768109677   1355.564    503.396     1355.564    503.396 

189768118094   1354.362    501.15      1354.362    501.15  

189768126424   1354.993    501.383     1354.993    501.383 

189768134688   1354.631    501.309     1354.631    501.309 

189768143087   1353.807    500.275     1353.807    500.275 

189768151428   1353.082    501.269     1353.082    501.269 

189768159815   1352.22     501.678     1352.22     501.678 

189768168051   1351.658    501.382     1351.658    501.382 

189768176419   1349.671    501.792     1349.671    501.792 

189768184811   1347.91     499.973     1347.91     499.973 

189768193180   1345.74     499.449     1345.74     499.449 

189768201437   1344.182    498.785     1344.182    498.785 

189768209808   1342.366    500.283     1342.366    500.283 

189768218194   1340.398    500.671     1340.398    500.671 

189768226553   1337.794    501.696     1337.794    501.696 

189768234812   1336.991    503.444     1336.991    503.444 

189768243176   1336.711    507.226     1336.711    507.226 

189768251563   1336.566    508.06      1336.566    508.06  

189768259930   1335.4      513.447     1335.4      513.447 

189768268176   1336.359    514.878     1336.359    514.878 

189768284941   1339.153    519.058     1339.153    519.058 

189768293310   1338.898    521.165     1338.898    521.165 

189768301549   1339.813    523.538     1339.813    523.538 

189768309930   1341.156    524.412     1341.156    524.412 

189768318300   1342.282    524.073     1342.282    524.073 

189768326677   1344.707    522.308     1344.707    522.308 

189768334941   1346.527    521.159     1346.527    521.159 

189768343293   1348.144    518.849     1348.144    518.849 

189768351672   1349.974    516.905     1349.974    516.905 

189768360052   1348.875    512.178     1348.875    512.178 

189768368306   1349.331    508.555     1349.331    508.555 

189768376673   1348.526    505.994     1348.526    505.994 

189768385073   1349.338    502.4       1349.338    502.4   

189768393422   1348.891    500.693     1348.891    500.693 

189768401672   1350.245    500.254     1350.245    500.254 

189768410054   1350.223    498.897     1350.223    498.897 

189768418430   1348.692    498.451     1348.692    498.451 

189768426826   1347.743    500.901     1347.743    500.901 

189768435061   1347.299    500.825     1347.299    500.825 

189768443417   1345.996    502.2       1345.996    502.2   

189768451794   1345        504.94      1345        504.94  

189768460196   1344.116    505.165     1344.116    505.165 

189768468428   1343.587    508.94      1343.587    508.94  

189768476803   1343.323    511.514     1343.323    511.514 

189768485192   1344.268    512.493     1344.268    512.493 

189768493567   1343.983    513.981     1343.983    513.981 

189768501802   1344.708    514.465     1344.708    514.465 

189768510185   1346.347    517.215     1346.347    517.215 

189768518552   1346.325    517.122     1346.325    517.122 

189768526940   1346.311    517.135     1346.311    517.135 

189768535177   1346.248    515.147     1346.248    515.147 

189768543560   1347.672    512.631     1347.672    512.631 

189768551922   1348.627    512.713     1348.627    512.713 

189768560321   1349.04     512.198     1349.04     512.198 

189768568554   1349.292    511.287     1349.292    511.287 

189768576936   1348.814    510.962     1348.814    510.962 

189768585312   1348.743    509.506     1348.743    509.506 

189768593690   1347.77     507.408     1347.77     507.408 

189768601927   1347.378    505.387     1347.378    505.387 

189768610319   1347.873    503.355     1347.873    503.355 

189768618665   1348.546    502.236     1348.546    502.236 

189768627062   1350.878    500.645     1350.878    500.645 

189768635309   1348.257    501.826     1348.257    501.826 

189768643682   1232.45     503.005     1232.45     503.005 

189768652060   1092.317    503.486     1092.317    503.486 

189768660429   957.865     509.347     957.865     509.347 

189768668674   839.575     505.883     839.575     505.883 

189768677060   808.814     508.496     808.814     508.496 

189768685436   824.007     509.083     824.007     509.083 

189768693808   821.736     510.483     821.736     510.483 

189768702054   819.978     511.553     819.978     511.553 

189768710426   818.926     512.001     818.926     512.001 

189768718793   817.882     512.636     817.882     512.636 

189768727175   817.884     512.492     817.884     512.492 

189768735439   818.809     513.13      818.809     513.13  

189768743810   819.074     512.871     819.074     512.871 

189768752181   819.433     512.002     819.433     512.002 

189768760543   818.802     511.776     818.802     511.776 

189768768795   821.284     510.679     821.284     510.679 

189768777168   821.595     512.074     821.595     512.074 

