timeStamp      GazeRX  GazeRY  GazeLX  GazeLY  

start time: 189652394017
189652394017   603.304     205.027     603.304     205.027 

189652402379   598.48      204.905     598.48      204.905 

189652410743   600.154     202.983     600.154     202.983 

189652419151   599.721     204.125     599.721     204.125 

189652427377   600.831     208.179     600.831     208.179 

189652435751   601.995     208.532     601.995     208.532 

189652444124   605.52      209.996     605.52      209.996 

189652452492   602.26      211.885     602.26      211.885 

189652460757   603.743     214.574     603.743     214.574 

189652469131   603.112     215.978     603.112     215.978 

189652477496   604.488     216.651     604.488     216.651 

189652494134   605.904     218.641     605.904     218.641 

189652502495   605.515     220.311     605.515     220.311 

189652510884   605.866     220.545     605.866     220.545 

189652519256   604.895     219.691     604.895     219.691 

189652527491   605.001     219.176     605.001     219.176 

189652535870   604.029     219.791     604.029     219.791 

189652544247   605.803     221.331     605.803     221.331 

189652552627   607.854     220.479     607.854     220.479 

189652560867   607.778     219.66      607.778     219.66  

189652569250   608.122     218.833     608.122     218.833 

189652577626   594.901     218.275     594.901     218.275 

189652585998   573.966     214.312     573.966     214.312 

189652594278   540.889     208.219     540.889     208.219 

189652602628   525.827     204.306     525.827     204.306 

189652610995   518.855     197.716     518.855     197.716 

189652619378   523.309     194.01      523.309     194.01  

189652627613   520.855     193.097     520.855     193.097 

189652635998   519.177     193.859     519.177     193.859 

189652644384   522.748     189.841     522.748     189.841 

189652652752   518.272     187.284     518.272     187.284 

189652661125   520.462     186.649     520.462     186.649 

189652669372   518.733     185.054     518.733     185.054 

189652677739   517.076     185.307     517.076     185.307 

189652694511   518.682     186.569     518.682     186.569 

189652702750   518.155     187.431     518.155     187.431 

189652711122   518.24      187.651     518.24      187.651 

189652719504   517.118     188.145     517.118     188.145 

189652727917   517.471     188.057     517.471     188.057 

189652736111   516.512     190.484     516.512     190.484 

189652744498   519.362     195.645     519.362     195.645 

189652752903   520.062     196.708     520.062     196.708 

189652761236   517.395     199.92      517.395     199.92  

189652769504   516.449     202.475     516.449     202.475 

189652777922   515.558     205.443     515.558     205.443 

189652786261   515.736     207.659     515.736     207.659 

189652794645   516.089     211.004     516.089     211.004 

189652802907   516.656     212.154     516.656     212.154 

189652811266   517.677     214.005     517.677     214.005 

189652819632   517.446     215.647     517.446     215.647 

189652828003   516.323     216.151     516.323     216.151 

189652836244   514.505     216.297     514.505     216.297 

189652844630   511.443     216.394     511.443     216.394 

189652853002   510.424     216.448     510.424     216.448 

189652861396   508.667     215.694     508.667     215.694 

189652869625   507.859     215.502     507.859     215.502 

189652878011   509.388     215.285     509.388     215.285 

189652886380   508.749     215.212     508.749     215.212 

189652894782   509.969     215.386     509.969     215.386 

189652903003   509.315     214.825     509.315     214.825 

189652911388   509.173     215.438     509.173     215.438 

189652919739   509.709     215.182     509.709     215.182 

189652928130   510.917     214.164     510.917     214.164 

189652936392   510.735     214.441     510.735     214.441 

189652944760   514.568     215.774     514.568     215.774 

189652953123   515.758     216.764     515.758     216.764 

189652961512   514.953     217.07      514.953     217.07  

189652969740   516.626     215.617     516.626     215.617 

189652978130   514.234     210.017     514.234     210.017 

189652986508   510.742     210.375     510.742     210.375 

189652994903   512.629     209.752     512.629     209.752 

189653003115   510.08      208.277     510.08      208.277 

189653011516   510.654     208.648     510.654     208.648 

189653019872   511.622     205.888     511.622     205.888 

189653028268   510.221     205.154     510.221     205.154 

189653036500   509.088     203.094     509.088     203.094 

189653044921   510.04      202.631     510.04      202.631 

189653053241   507.125     201.527     507.125     201.527 

189653061634   508.717     202.491     508.717     202.491 

189653069878   507.6       204.006     507.6       204.006 

189653078259   509.711     203.931     509.711     203.931 

189653086621   509.286     204.022     509.286     204.022 

189653095007   510.43      203.846     510.43      203.846 

189653103236   510.393     204.892     510.393     204.892 

189653111642   507.937     205.936     507.937     205.936 

189653120034   507.649     206.72      507.649     206.72  

189653128390   508.318     206.705     508.318     206.705 

189653136622   508.522     206.4       508.522     206.4   

189653145005   509.756     206.346     509.756     206.346 

189653153370   507.82      206.427     507.82      206.427 

189653161761   508.412     206.575     508.412     206.575 

189653170025   508.796     207.076     508.796     207.076 

189653178378   509.693     207.827     509.693     207.827 

189653186746   508.905     208.476     508.905     208.476 

189653195130   509.778     208.763     509.778     208.763 

189653203376   509.927     208.505     509.927     208.505 

189653211760   510.781     209.552     510.781     209.552 

189653220111   511.265     211.145     511.265     211.145 

189653228514   511.505     211.603     511.505     211.603 

189653236738   511.178     211.342     511.178     211.342 

189653245121   511.999     211.722     511.999     211.722 

189653253512   512.997     212.2       512.997     212.2   

189653261876   513.554     212.437     513.554     212.437 

189653270118   513.835     211.336     513.835     211.336 

189653278490   515.283     212.332     515.283     212.332 

189653286865   515.471     212.645     515.471     212.645 

189653295269   515.932     214.637     515.932     214.637 

189653303487   514.048     212.352     514.048     212.352 

189653311898   514.056     213.202     514.056     213.202 

189653320241   513.556     212.841     513.556     212.841 

189653328623   515.166     212.534     515.166     212.534 

189653336892   514.83      211.625     514.83      211.625 

189653345251   513.703     212.066     513.703     212.066 

189653353613   513.37      212.335     513.37      212.335 

189653361988   514.405     213.848     514.405     213.848 

189653370235   514.373     214.454     514.373     214.454 

189653378622   515.193     213.304     515.193     213.304 

189653395382   517.131     212.13      517.131     212.13  

189653403623   516.752     211.56      516.752     211.56  

189653411994   516.988     212.488     516.988     212.488 

189653420364   515.506     212.505     515.506     212.505 

189653428758   516.008     213.628     516.008     213.628 

189653437024   515.719     214.826     515.719     214.826 

189653445368   516.839     212.563     516.839     212.563 

189653453744   516.238     213.036     516.238     213.036 

189653462108   515.194     212.26      515.194     212.26  

189653470376   513.146     214.644     513.146     214.644 

189653478746   510.916     214.19      510.916     214.19  

189653487108   511.528     215.581     511.528     215.581 

189653495496   511.811     216.692     511.811     216.692 

189653503749   511.462     216.286     511.462     216.286 

189653512109   511.925     217.374     511.925     217.374 

189653520500   512.058     218.524     512.058     218.524 

189653528877   510.57      219.707     510.57      219.707 

189653537119   511.124     220.912     511.124     220.912 

189653545484   510.389     221.189     510.389     221.189 

189653553865   510.302     222.661     510.302     222.661 

189653562249   511.311     223.456     511.311     223.456 

189653570498   511.632     224.23      511.632     224.23  

189653578892   510.824     226.439     510.824     226.439 

189653587233   510.809     228.51      510.809     228.51  

189653595637   510.926     230.201     510.926     230.201 

189653603895   510.778     231.513     510.778     231.513 

189653612244   511.361     233.769     511.361     233.769 

189653620606   511.642     234.962     511.642     234.962 

189653628996   509.367     236.382     509.367     236.382 

189653637238   509.404     235.24      509.404     235.24  

189653645610   508.427     235.408     508.427     235.408 

189653654008   508.812     236.205     508.812     236.205 

189653662366   508.279     234.908     508.279     234.908 

189653670606   507.211     235.034     507.211     235.034 

189653678996   506.621     235.678     506.621     235.678 

189653695757   503.375     235.577     503.375     235.577 

189653704008   504.772     235.589     504.772     235.589 

189653712364   504.564     237.169     504.564     237.169 

189653720740   506.021     237         506.021     237     

189653729120   504.287     241.446     504.287     241.446 

