timeStamp      action  positionX     positionY     

start time: 189932906759

189932973225   move    845.00        508.00        

189932973327   move    845.00        507.00        

189932973427   move    847.00        507.00        

189932973526   move    847.00        505.00        

189932973626   move    847.00        504.00        

189932973828   move    847.00        502.00        

189932981441   move    848.00        501.00        

189932981631   move    848.00        499.00        

189932981740   move    850.00        498.00        

189932981928   move    850.00        496.00        

189932982040   move    850.00        495.00        

189932989771   move    851.00        493.00        

189932989980   move    851.00        492.00        

189932990079   move    853.00        490.00        

189932990179   move    853.00        489.00        

189932990279   move    854.00        487.00        

189932990481   move    854.00        486.00        

189932998114   move    856.00        484.00        

189932998212   move    856.00        483.00        

189932998312   move    856.00        481.00        

189932998412   move    857.00        480.00        

189932998598   move    859.00        478.00        

189932998712   move    859.00        477.00        

189932998812   move    860.00        475.00        

189932998914   move    860.00        474.00        

189933006547   move    860.00        472.00        

189933006643   move    862.00        472.00        

189933006730   move    862.00        471.00        

189933006843   move    863.00        469.00        

189933006942   move    863.00        468.00        

189933007029   move    865.00        466.00        

189933007132   move    865.00        465.00        

189933014974   move    868.00        462.00        

189933014999   move    868.00        460.00        

189933015099   move    869.00        459.00        

189933015199   move    869.00        457.00        

189933015299   move    871.00        456.00        

189933015399   move    871.00        454.00        

189933015500   move    872.00        453.00        

189933015745   move    866.00        463.00        

189933023115   move    872.00        451.00        

189933023215   move    874.00        450.00        

189933023414   move    875.00        448.00        

189933023514   move    875.00        447.00        

189933023601   move    877.00        445.00        

189933023714   move    878.00        444.00        

189933023814   move    878.00        442.00        

189933023914   move    880.00        441.00        

189933031541   move    880.00        439.00        

189933031640   move    881.00        438.00        

189933031730   move    881.00        436.00        

189933031840   move    883.00        433.00        

189933031939   move    884.00        432.00        

189933032039   move    884.00        430.00        

189933032242   move    886.00        429.00        

189933032341   move    886.00        427.00        

189933032440   move    887.00        426.00        

189933039904   move    887.00        424.00        

189933040041   move    889.00        423.00        

189933040098   move    889.00        421.00        

189933040198   move    890.00        420.00        

189933040298   move    890.00        418.00        

189933040398   move    892.00        417.00        

189933040498   move    893.00        415.00        

189933048216   move    893.00        414.00        

189933048302   move    895.00        412.00        

189933048416   move    895.00        411.00        

189933048515   move    896.00        409.00        

189933048603   move    896.00        408.00        

189933048715   move    898.00        406.00        

189933048816   move    898.00        405.00        

189933056547   move    901.00        402.00        

189933056645   move    901.00        400.00        

189933056746   move    902.00        399.00        

189933056844   move    904.00        397.00        

189933056945   move    904.00        396.00        

189933057045   move    905.00        394.00        

189933057246   move    905.00        393.00        

189933064982   move    907.00        390.00        

189933064995   move    908.00        388.00        

189933065095   move    910.00        387.00        

189933065182   move    910.00        385.00        

189933065293   move    911.00        385.00        

189933065395   move    911.00        384.00        

189933065495   move    913.00        382.00        

189933065596   move    914.00        381.00        

189933065750   move    907.00        391.00        

189933073326   move    914.00        379.00        

189933073413   move    916.00        378.00        

189933073625   move    917.00        375.00        

189933073712   move    919.00        375.00        

189933073825   move    919.00        373.00        

189933073925   move    920.00        372.00        

189933074027   move    922.00        370.00        

189933081763   move    923.00        369.00        

189933081864   move    923.00        367.00        

189933081963   move    925.00        366.00        

189933082062   move    926.00        366.00        

189933082251   move    926.00        364.00        

189933082363   move    928.00        363.00        

189933089907   move    929.00        361.00        

189933090094   move    931.00        360.00        

189933090193   move    931.00        358.00        

189933090281   move    932.00        357.00        

189933090393   move    934.00        357.00        

189933090493   move    934.00        355.00        

189933090595   move    935.00        354.00        

189933098232   move    937.00        352.00        

189933098331   move    937.00        351.00        

189933098417   move    938.00        351.00        

189933098531   move    940.00        349.00        

189933098630   move    940.00        348.00        

189933098731   move    941.00        346.00        

189933098830   move    943.00        346.00        

189933098930   move    943.00        345.00        

189933099030   move    944.00        343.00        

189933106809   move    947.00        340.00        

189933106909   move    947.00        339.00        

189933107109   move    949.00        337.00        

189933107196   move    950.00        337.00        

189933107311   move    950.00        336.00        

189933107535   move    946.00        342.00        

189933115016   move    952.00        334.00        

189933115087   move    953.00        333.00        

189933115300   move    955.00        331.00        

189933115386   move    956.00        330.00        

189933115499   move    956.00        328.00        

189933115598   move    958.00        327.00        

189933115699   move    959.00        325.00        

189933115801   move    959.00        324.00        

189933123318   move    961.00        324.00        

189933123417   move    962.00        322.00        

189933123517   move    962.00        321.00        

189933123618   move    964.00        319.00        

189933123717   move    964.00        318.00        

189933123817   move    965.00        318.00        

189933123917   move    967.00        316.00        

189933124019   move    967.00        315.00        

189933131695   move    968.00        313.00        

189933131794   move    970.00        312.00        

189933131995   move    971.00        310.00        

189933132195   move    971.00        309.00        

189933132283   move    973.00        307.00        

189933132396   move    974.00        306.00        

189933132496   move    974.00        304.00        

189933132583   move    976.00        304.00        

189933132695   move    977.00        301.00        

189933132854   move    979.00        300.00        

189933132994   move    980.00        298.00        

189933133094   move    982.00        297.00        

189933133195   move    982.00        295.00        

189933133296   move    983.00        294.00        

189933148353   move    985.00        292.00        

189933148470   move    986.00        292.00        

189933148551   move    986.00        291.00        

189933148651   move    988.00        289.00        

189933148752   move    989.00        288.00        

189933148850   move    989.00        286.00        

189933148953   move    991.00        286.00        

189933149051   move    992.00        285.00        

189933156665   move    992.00        283.00        

189933156764   move    994.00        282.00        

189933156864   move    995.00        280.00        

189933157164   move    998.00        277.00        

189933157364   move    1000.00       276.00        

189933165018   move    1001.00       274.00        

189933165087   move    1003.00       273.00        

189933165200   move    1004.00       273.00        

189933165299   move    1004.00       271.00        

189933165398   move    1006.00       270.00        

189933165499   move    1007.00       268.00        

189933165598   move    1009.00       268.00        

189933165699   move    1009.00       267.00        

189933165801   move    1010.00       265.00        

189933173432   move    1012.00       264.00        

189933173533   move    1013.00       264.00        

189933173632   move    1013.00       262.00        

189933173732   move    1015.00       261.00        

189933173832   move    1016.00       261.00        

189933173932   move    1018.00       259.00        

189933174033   move    1018.00       258.00        

189933174134   move    1019.00       258.00        

189933181645   move    1021.00       256.00        

189933181752   move    1022.00       255.00        

189933181940   move    1024.00       253.00        

189933182052   move    1025.00       253.00        

189933182151   move    1025.00       252.00        

189933182239   move    1027.00       252.00        

189933182354   move    1028.00       250.00        

189933190002   move    1030.00       249.00        

189933190196   move    1031.00       247.00        

189933190295   move    1033.00       247.00        

189933190395   move    1034.00       246.00        

189933190595   move    1036.00       244.00        

189933190697   move    1037.00       244.00        

189933190797   move    1039.00       243.00        

189933198351   move    1039.00       241.00        

189933198466   move    1040.00       241.00        

189933198553   move    1042.00       241.00        

189933198650   move    1043.00       240.00        

189933198837   move    1045.00       238.00        

189933198949   move    1046.00       237.00        

189933199051   move    1048.00       237.00        

189933206890   move    1049.00       235.00        

189933207077   move    1051.00       235.00        

189933207189   move    1051.00       234.00        

189933207290   move    1052.00       234.00        

189933207390   move    1054.00       234.00        

189933207492   move    1054.00       232.00        

189933215107   move    1055.00       232.00        

189933215305   move    1057.00       231.00        

189933215404   move    1058.00       231.00        

189933215603   move    1060.00       229.00        

189933215806   move    1061.00       229.00        

189933215905   move    1061.00       228.00        

189933223432   move    1063.00       228.00        

189933223620   move    1064.00       228.00        

189933223733   move    1064.00       226.00        

189933223832   move    1066.00       226.00        

189933224135   move    1067.00       225.00        

189933231963   move    1069.00       225.00        

189933232359   move    1070.00       223.00        

189933232661   move    1072.00       223.00        

189933233061   move    1073.00       223.00        

189933233157   move    1073.00       222.00        

189933248857   move    1076.00       222.00        

189933249159   move    1076.00       220.00        

189933250215   move    1075.00       222.00        

189933256981   move    1078.00       220.00        

189933257483   move    1079.00       220.00        

189933265417   move    1081.00       220.00        

189933265916   move    1082.00       219.00        

189933273842   move    1084.00       219.00        

189933274243   move    1085.00       219.00        

189933282280   move    1087.00       219.00        

189933282578   move    1088.00       219.00        

189933290297   move    1090.00       219.00        

189933290595   move    1091.00       219.00        

189933298749   move    1094.00       219.00        

189933299039   move    1096.00       217.00        

189933299376   move    1093.00       219.00        

189933307080   move    1097.00       217.00        

189933307377   move    1099.00       217.00        

189933307680   move    1100.00       217.00        

189933315524   move    1102.00       217.00        

189933315923   move    1103.00       217.00        

189933323644   move    1105.00       217.00        

189933324044   move    1106.00       217.00        

189933331984   move    1108.00       217.00        

189933332381   move    1109.00       217.00        

189933332783   move    1111.00       217.00        

189933340428   move    1112.00       217.00        

189933348761   move    1114.00       217.00        

189933349159   move    1115.00       217.00        

189933357190   move    1117.00       216.00        

189933357691   move    1118.00       216.00        

189933365724   move    1120.00       216.00        

189933373660   move    1120.00       214.00        

189933373754   move    1121.00       214.00        

189933374244   move    1123.00       214.00        

189933382209   move    1124.00       213.00        

189933382607   move    1126.00       213.00        

189933390530   move    1127.00       211.00        

189933390927   move    1129.00       211.00        

189933398801   move    1130.00       210.00        

189933399286   move    1132.00       210.00        

189933407087   move    1132.00       208.00        

189933407195   move    1133.00       208.00        

189933407596   move    1135.00       208.00        

189933407696   move    1135.00       207.00        

189933415530   move    1136.00       207.00        

189933415829   move    1136.00       205.00        

189933415928   move    1138.00       205.00        

189933423765   move    1139.00       205.00        

189933423950   move    1139.00       204.00        

189933424364   move    1141.00       204.00        

189933432214   move    1141.00       202.00        

189933432310   move    1142.00       202.00        

189933432814   move    1144.00       202.00        

189933432911   move    1144.00       201.00        

189933440842   move    1145.00       201.00        

189933448811   move    1145.00       199.00        

189933449401   move    1147.00       199.00        

189933457099   move    1147.00       198.00        

189933457395   move    1148.00       198.00        

189933457799   move    1148.00       196.00        

189933465429   move    1150.00       196.00        

189933466031   move    1151.00       196.00        

189933473891   move    1151.00       195.00        

189933474232   move    1153.00       195.00        

189933482111   move    1153.00       193.00        

189933482309   move    1154.00       193.00        

189933482913   move    1156.00       193.00        

189933490438   move    1156.00       192.00        

189933490926   move    1157.00       192.00        

189933498870   move    1157.00       190.00        

189933499267   move    1159.00       190.00        

189933507618   move    1160.00       189.00        

189933516061   move    1162.00       189.00        

189933524129   move    1162.00       187.00        

189933532595   move    1163.00       187.00        

189933548927   move    1163.00       186.00        

189933557300   move    1165.00       186.00        

189933590758   move    1166.00       184.00        

189933616258   move    1168.00       184.00        

189933633133   move    1169.00       183.00        

189933649638   move    1171.00       183.00        

189933666260   move    1172.00       183.00        

189933674201   move    1172.00       181.00        

