timeStamp      action  positionX     positionY     

start time: 189720721383

189720913775   move    841.00        508.00        

189720921714   move    842.00        508.00        

189720922116   move    844.00        507.00        

189720930120   move    845.00        507.00        

189720930230   move    845.00        505.00        

189720930432   move    847.00        505.00        

189720938256   move    848.00        504.00        

189720938555   move    850.00        504.00        

189720938655   move    850.00        502.00        

189720938757   move    851.00        502.00        

189720946543   move    854.00        501.00        

189720946641   move    854.00        499.00        

189720946729   move    856.00        499.00        

189720947467   move    853.00        501.00        

189720954738   move    856.00        498.00        

189720954822   move    857.00        498.00        

189720955034   move    859.00        496.00        

189720955235   move    860.00        495.00        

189720955435   move    862.00        495.00        

189720963171   move    863.00        493.00        

189720963269   move    863.00        492.00        

189720963369   move    865.00        492.00        

189720963569   move    866.00        490.00        

189720963669   move    868.00        490.00        

189720963770   move    868.00        489.00        

189720963871   move    869.00        487.00        

189720971523   move    871.00        486.00        

189720971622   move    872.00        486.00        

189720971822   move    874.00        484.00        

189720971922   move    875.00        483.00        

189720972009   move    875.00        481.00        

189720972123   move    877.00        481.00        

189720972222   move    878.00        480.00        

189720972309   move    878.00        478.00        

189720979744   move    880.00        478.00        

189720979843   move    881.00        477.00        

189720979929   move    883.00        475.00        

189720980041   move    883.00        474.00        

189720980142   move    884.00        474.00        

189720980242   move    886.00        472.00        

189720988179   move    890.00        468.00        

189720988278   move    892.00        466.00        

189720988377   move    893.00        465.00        

189720988579   move    895.00        463.00        

189720988807   move    887.00        471.00        

189720988906   move    889.00        469.00        

189720996489   move    896.00        462.00        

189720996600   move    898.00        460.00        

189720996700   move    899.00        460.00        

189720996788   move    901.00        459.00        

189720996900   move    901.00        457.00        

189720997000   move    902.00        456.00        

189720997088   move    904.00        454.00        

189720997202   move    905.00        453.00        

189721004732   move    907.00        451.00        

189721004818   move    908.00        450.00        

189721004931   move    910.00        450.00        

189721005031   move    911.00        448.00        

189721005132   move    913.00        447.00        

189721005231   move    914.00        445.00        

189721005331   move    916.00        444.00        

189721013065   move    917.00        442.00        

189721013164   move    919.00        442.00        

189721013263   move    920.00        441.00        

189721013363   move    922.00        439.00        

189721013463   move    923.00        438.00        

189721013563   move    925.00        436.00        

189721013763   move    926.00        435.00        

189721013865   move    928.00        433.00        

189721021520   move    929.00        432.00        

189721021632   move    931.00        430.00        

189721021732   move    932.00        430.00        

189721021821   move    935.00        427.00        

189721021932   move    937.00        426.00        

189721022032   move    938.00        426.00        

189721022119   move    940.00        424.00        

189721022233   move    941.00        423.00        

189721029839   move    946.00        420.00        

189721029939   move    947.00        418.00        

189721030037   move    949.00        417.00        

189721030137   move    950.00        417.00        

189721030237   move    952.00        415.00        

189721030438   move    953.00        414.00        

189721030538   move    956.00        412.00        

189721030699   move    943.00        421.00        

189721038163   move    958.00        411.00        

189721038261   move    959.00        409.00        

189721038349   move    961.00        408.00        

189721038462   move    962.00        406.00        

189721038561   move    965.00        406.00        

189721038649   move    967.00        405.00        

189721038762   move    968.00        403.00        

189721038865   move    971.00        400.00        

189721046512   move    974.00        399.00        

189721046623   move    976.00        397.00        

189721046723   move    977.00        396.00        

189721046810   move    980.00        394.00        

189721046923   move    982.00        393.00        

189721047023   move    983.00        391.00        

189721047123   move    986.00        390.00        

189721047224   move    988.00        388.00        

189721054843   move    989.00        387.00        

189721054937   move    992.00        385.00        

189721055036   move    994.00        384.00        

189721055136   move    997.00        382.00        

189721055237   move    998.00        381.00        

189721055336   move    1001.00       379.00        

189721055539   move    1003.00       378.00        

189721055638   move    1004.00       376.00        

189721063267   move    1007.00       375.00        

189721063366   move    1009.00       373.00        

189721063453   move    1012.00       372.00        

189721063566   move    1013.00       370.00        

189721063666   move    1016.00       367.00        

189721063753   move    1019.00       366.00        

189721063866   move    1021.00       364.00        

189721063968   move    1024.00       363.00        

189721071511   move    1025.00       361.00        

189721071620   move    1027.00       360.00        

189721071719   move    1030.00       358.00        

189721071820   move    1031.00       357.00        

189721071921   move    1034.00       355.00        

189721072020   move    1036.00       354.00        

189721072220   move    1040.00       351.00        

189721072320   move    1042.00       349.00        

189721072419   move    1045.00       348.00        

189721079875   move    1048.00       345.00        

189721079959   move    1051.00       343.00        

189721080127   move    1052.00       342.00        

189721080230   move    1055.00       340.00        

189721080328   move    1057.00       339.00        

189721080881   move    1046.00       346.00        

189721088273   move    1060.00       337.00        

189721088372   move    1061.00       336.00        

189721088460   move    1064.00       334.00        

189721088573   move    1066.00       333.00        

189721088672   move    1067.00       331.00        

189721088760   move    1069.00       330.00        

189721088862   move    1072.00       328.00        

189721088974   move    1073.00       327.00        

189721096627   move    1075.00       325.00        

189721096726   move    1076.00       324.00        

189721096825   move    1079.00       322.00        

189721096925   move    1081.00       321.00        

189721097025   move    1082.00       319.00        

189721097125   move    1084.00       318.00        

189721097225   move    1085.00       316.00        

189721097326   move    1088.00       315.00        

189721104852   move    1090.00       313.00        

189721104942   move    1091.00       313.00        

189721105029   move    1093.00       312.00        

189721105141   move    1096.00       309.00        

189721105242   move    1097.00       307.00        

189721105441   move    1099.00       307.00        

189721105543   move    1100.00       306.00        

189721105643   move    1102.00       304.00        

189721113271   move    1103.00       303.00        

189721113371   move    1105.00       301.00        

189721113458   move    1106.00       300.00        

189721113571   move    1108.00       300.00        

189721113670   move    1109.00       298.00        

189721113770   move    1111.00       297.00        

189721113860   move    1112.00       295.00        

189721113973   move    1114.00       294.00        

189721121668   move    1115.00       292.00        

189721121691   move    1117.00       291.00        

189721121792   move    1118.00       289.00        

189721121891   move    1120.00       289.00        

189721121992   move    1120.00       288.00        

189721122091   move    1121.00       286.00        

189721122192   move    1123.00       286.00        

189721129956   move    1124.00       285.00        

189721130054   move    1126.00       283.00        

189721130141   move    1126.00       282.00        

189721130253   move    1127.00       282.00        

189721130440   move    1129.00       280.00        

189721130552   move    1129.00       279.00        

189721130654   move    1130.00       279.00        

189721130753   move    1130.00       277.00        

189721138266   move    1132.00       277.00        

189721138365   move    1132.00       276.00        

189721138465   move    1133.00       276.00        

189721138566   move    1133.00       274.00        

189721138665   move    1135.00       273.00        

189721138854   move    1136.00       273.00        

189721138967   move    1136.00       271.00        

189721146711   move    1138.00       270.00        

189721146910   move    1139.00       268.00        

189721147110   move    1139.00       267.00        

189721147210   move    1141.00       267.00        

189721147310   move    1141.00       265.00        

189721155053   move    1141.00       264.00        

189721155138   move    1142.00       264.00        

189721155439   move    1142.00       262.00        

189721155550   move    1144.00       262.00        

189721155650   move    1144.00       261.00        

189721163454   move    1144.00       259.00        

189721163498   move    1145.00       259.00        

189721163697   move    1145.00       258.00        

189721163999   move    1147.00       256.00        

189721171701   move    1147.00       255.00        

189721171988   move    1147.00       253.00        

189721172200   move    1148.00       253.00        

189721172300   move    1148.00       252.00        

189721172802   move    1148.00       250.00        

189721173100   move    1148.00       249.00        

189721188512   move    1150.00       249.00        

189721188610   move    1150.00       247.00        

189721188911   move    1150.00       246.00        

189721196925   move    1150.00       244.00        

189721204955   move    1150.00       243.00        

189721205651   move    1150.00       241.00        

189721214010   move    1150.00       240.00        

189721230753   move    1150.00       238.00        

189721255248   move    1150.00       237.00        

189721263993   move    1150.00       235.00        

189721272212   move    1150.00       234.00        

189721280364   move    1150.00       232.00        

189721288781   move    1150.00       231.00        

189721296829   move    1150.00       229.00        

189721297326   move    1150.00       228.00        

189721305556   move    1150.00       226.00        

189721313484   move    1150.00       225.00        

189721313895   move    1150.00       223.00        

189721314095   move    1151.00       223.00        

189721321850   move    1151.00       222.00        

189721322236   move    1151.00       220.00        

189721322435   move    1153.00       220.00        

189721330273   move    1153.00       219.00        

189721330672   move    1153.00       217.00        

189721330759   move    1154.00       217.00        

189721330972   move    1154.00       216.00        

189721338788   move    1156.00       214.00        

189721339188   move    1156.00       213.00        

189721346925   move    1157.00       213.00        

189721347022   move    1157.00       211.00        

189721347523   move    1157.00       210.00        

189721355272   move    1159.00       210.00        

189721355572   move    1159.00       208.00        

189721355973   move    1160.00       207.00        

189721363898   move    1160.00       205.00        

189721364097   move    1162.00       205.00        

189721371841   move    1162.00       204.00        

189721372020   move    1163.00       204.00        

189721372234   move    1163.00       202.00        

189721372634   move    1165.00       201.00        

189721373035   move    1166.00       199.00        

189721373435   move    1168.00       198.00        

189721388790   move    1169.00       196.00        

189721388987   move    1169.00       195.00        

189721389087   move    1171.00       195.00        

189721396951   move    1171.00       193.00        

189721397050   move    1172.00       193.00        

189721397249   move    1172.00       192.00        

189721397349   move    1174.00       192.00        

189721438998   move    1193.00       171.00        

189721446956   move    1195.00       169.00        

189721447352   move    1195.00       168.00        

189721447551   move    1196.00       168.00        

189721455373   move    1196.00       166.00        

189721455773   move    1198.00       166.00        

189721455872   move    1198.00       165.00        

189721463920   move    1198.00       163.00        

189721464018   move    1199.00       163.00        

189721464520   move    1199.00       162.00        

189721472733   move    1199.00       160.00        

189721473534   move    1201.00       160.00        

189721488904   move    1201.00       159.00        

189721564031   move    1200.00       159.00        

189721572754   move    1200.00       160.00        

189721573053   move    1198.00       160.00        

189721588836   move    1198.00       161.00        

189721589125   move    1197.00       161.00        

189721597578   move    1197.00       163.00        

189721597976   move    1195.00       163.00        

189721605588   move    1195.00       164.00        

189721606189   move    1194.00       166.00        

189721614318   move    1194.00       167.00        

189721614531   move    1192.00       167.00        

189721622453   move    1192.00       169.00        

189721622852   move    1191.00       169.00        

189721622966   move    1191.00       170.00        

