timeStamp      action  positionX     positionY     

start time: 189809636981

189809787370   move    841.00        541.00        

189809795212   move    841.00        542.00        

189809795610   move    841.00        544.00        

189809795813   move    841.00        545.00        

189809803552   move    841.00        547.00        

189809803739   move    841.00        548.00        

189809803850   move    841.00        550.00        

189809804038   move    841.00        551.00        

189809804252   move    841.00        553.00        

189809811774   move    841.00        554.00        

189809811972   move    841.00        556.00        

189809812072   move    841.00        557.00        

189809812272   move    841.00        559.00        

189809812373   move    841.00        560.00        

189809812474   move    841.00        562.00        

189809820206   move    841.00        563.00        

189809820405   move    841.00        565.00        

189809820592   move    841.00        566.00        

189809820705   move    841.00        568.00        

189809820806   move    841.00        569.00        

189809820906   move    841.00        571.00        

189809828633   move    841.00        574.00        

189809828743   move    842.00        575.00        

189809828843   move    842.00        577.00        

189809828933   move    842.00        578.00        

189809829033   move    842.00        580.00        

189809829145   move    842.00        581.00        

189809829392   move    841.00        572.00        

189809836903   move    842.00        583.00        

189809837002   move    842.00        584.00        

189809837101   move    844.00        586.00        

189809837201   move    844.00        587.00        

189809837301   move    844.00        589.00        

189809837401   move    844.00        590.00        

189809837501   move    844.00        592.00        

189809837603   move    844.00        593.00        

189809837703   move    844.00        595.00        

189809837801   move    845.00        596.00        

189809845254   move    845.00        599.00        

189809845323   move    845.00        601.00        

189809845410   move    845.00        602.00        

189809845524   move    845.00        604.00        

189809845625   move    845.00        605.00        

189809845723   move    847.00        607.00        

189809853551   move    847.00        610.00        

189809853650   move    847.00        611.00        

189809853738   move    847.00        614.00        

189809853851   move    847.00        616.00        

189809853950   move    848.00        617.00        

189809854050   move    848.00        619.00        

189809854140   move    848.00        622.00        

189809854252   move    848.00        623.00        

189809861885   move    848.00        625.00        

189809861982   move    850.00        628.00        

189809862082   move    850.00        629.00        

189809862181   move    850.00        631.00        

189809862281   move    850.00        632.00        

189809862381   move    850.00        635.00        

189809862482   move    851.00        637.00        

189809862582   move    851.00        640.00        

189809870328   move    851.00        643.00        

189809870437   move    851.00        646.00        

189809870536   move    853.00        649.00        

189809870623   move    853.00        650.00        

189809870735   move    853.00        653.00        

189809870838   move    853.00        655.00        

189809870936   move    854.00        656.00        

189809871074   move    851.00        641.00        

189809878551   move    854.00        659.00        

189809878650   move    854.00        661.00        

189809878750   move    854.00        664.00        

189809878850   move    856.00        665.00        

189809878950   move    856.00        667.00        

189809879051   move    856.00        670.00        

189809879140   move    856.00        671.00        

189809879251   move    856.00        674.00        

189809886880   move    857.00        676.00        

189809886979   move    857.00        677.00        

189809887078   move    857.00        680.00        

189809887178   move    857.00        682.00        

189809887266   move    857.00        685.00        

189809887378   move    859.00        686.00        

189809887478   move    859.00        688.00        

189809887579   move    859.00        691.00        

189809895324   move    859.00        694.00        

189809895410   move    859.00        695.00        

189809895523   move    860.00        698.00        

189809895623   move    860.00        700.00        

189809895711   move    860.00        701.00        

189809895823   move    860.00        704.00        

189809895924   move    860.00        706.00        

189809896024   move    860.00        709.00        

189809903700   move    862.00        710.00        

189809903799   move    862.00        712.00        

189809903899   move    862.00        715.00        

189809903999   move    862.00        716.00        

189809904099   move    862.00        718.00        

189809904187   move    862.00        721.00        

189809904288   move    862.00        722.00        

189809904401   move    862.00        725.00        

189809911877   move    862.00        727.00        

189809911963   move    862.00        728.00        

189809912076   move    862.00        731.00        

189809912176   move    863.00        734.00        

189809912263   move    863.00        736.00        

189809912376   move    863.00        739.00        

189809912476   move    863.00        740.00        

189809920326   move    863.00        746.00        

189809920429   move    863.00        748.00        

189809920528   move    863.00        751.00        

189809920628   move    863.00        752.00        

189809920727   move    863.00        755.00        

189809920828   move    863.00        757.00        

189809920930   move    863.00        758.00        

189809921077   move    863.00        742.00        

189809928690   move    863.00        761.00        

189809928789   move    863.00        763.00        

189809928889   move    863.00        764.00        

189809928989   move    863.00        767.00        

189809929089   move    863.00        769.00        

189809929190   move    863.00        772.00        

189809929279   move    863.00        773.00        

189809929391   move    863.00        775.00        

189809936995   move    863.00        778.00        

189809937080   move    863.00        781.00        

189809937180   move    863.00        782.00        

189809937293   move    863.00        784.00        

189809937381   move    863.00        787.00        

189809937493   move    863.00        788.00        

189809937592   move    863.00        790.00        

189809937793   move    863.00        793.00        

189809937893   move    863.00        794.00        

189809945223   move    863.00        797.00        

189809945367   move    863.00        799.00        

189809945419   move    863.00        800.00        

189809945518   move    863.00        803.00        

189809945620   move    863.00        805.00        

189809945719   move    863.00        806.00        

189809945821   move    863.00        809.00        

189809953688   move    863.00        811.00        

189809953787   move    863.00        812.00        

189809953887   move    863.00        815.00        

189809953974   move    863.00        818.00        

189809954087   move    863.00        820.00        

189809954187   move    863.00        821.00        

189809954274   move    863.00        824.00        

189809954389   move    863.00        826.00        

189809961984   move    863.00        829.00        

189809962094   move    863.00        832.00        

189809962191   move    863.00        833.00        

189809962279   move    863.00        835.00        

189809962390   move    863.00        836.00        

189809962491   move    863.00        839.00        

189809962692   move    863.00        841.00        

189809962819   move    863.00        827.00        

189809970441   move    863.00        842.00        

189809970539   move    863.00        844.00        

189809970639   move    863.00        847.00        

189809970739   move    863.00        848.00        

189809970839   move    863.00        850.00        

189809970939   move    863.00        851.00        

189809971040   move    863.00        853.00        

189809971141   move    863.00        856.00        

189809978675   move    863.00        857.00        

189809978786   move    863.00        859.00        

189809978886   move    863.00        860.00        

189809978973   move    863.00        863.00        

189809979086   move    863.00        865.00        

189809979187   move    863.00        866.00        

189809979275   move    863.00        868.00        

189809979387   move    863.00        869.00        

189809986999   move    863.00        871.00        

189809987085   move    863.00        872.00        

189809987196   move    863.00        874.00        

189809987296   move    863.00        875.00        

189809987396   move    863.00        877.00        

189809987496   move    863.00        878.00        

189809987697   move    863.00        880.00        

189809987797   move    863.00        881.00        

189809995431   move    863.00        883.00        

189809995530   move    863.00        884.00        

189809995630   move    863.00        886.00        

189809995730   move    863.00        889.00        

189809995830   move    863.00        890.00        

189809995931   move    863.00        892.00        

189809996031   move    863.00        893.00        

189809996132   move    863.00        895.00        

189810003851   move    862.00        898.00        

189810003897   move    862.00        899.00        

189810003984   move    862.00        901.00        

189810004096   move    862.00        902.00        

189810004284   move    862.00        904.00        

189810004397   move    862.00        905.00        

189810004626   move    862.00        896.00        

189810011997   move    862.00        907.00        

189810012090   move    861.00        908.00        

189810012191   move    861.00        910.00        

189810012291   move    861.00        911.00        

189810012390   move    861.00        913.00        

189810012489   move    861.00        914.00        

189810012792   move    861.00        917.00        

189810020432   move    859.00        917.00        

189810020531   move    859.00        919.00        

189810020631   move    859.00        920.00        

189810020731   move    859.00        922.00        

189810020918   move    859.00        925.00        

189810021133   move    858.00        926.00        

189810028750   move    858.00        928.00        

189810028861   move    858.00        929.00        

189810029048   move    858.00        931.00        

189810029160   move    858.00        932.00        

189810029262   move    858.00        934.00        

189810029362   move    856.00        934.00        

189810029462   move    856.00        935.00        

189810037114   move    856.00        937.00        

189810037200   move    856.00        938.00        

189810037300   move    856.00        940.00        

189810037400   move    855.00        940.00        

189810037500   move    855.00        941.00        

189810037700   move    855.00        943.00        

189810037901   move    855.00        944.00        

189810038000   move    855.00        946.00        

189810038101   move    853.00        946.00        

189810045493   move    853.00        947.00        

189810045527   move    853.00        949.00        

189810045715   move    853.00        950.00        

189810045827   move    853.00        952.00        

189810053897   move    852.00        955.00        

189810053996   move    852.00        956.00        

189810054196   move    852.00        958.00        

189810054297   move    850.00        958.00        

189810054397   move    850.00        959.00        

189810054436   move    852.00        953.00        

189810062210   move    850.00        961.00        

189810062408   move    850.00        962.00        

189810062709   move    849.00        964.00        

189810062910   move    849.00        965.00        

189810070649   move    849.00        967.00        

189810070948   move    849.00        968.00        

189810071035   move    847.00        968.00        

189810071250   move    847.00        970.00        

189810078961   move    847.00        971.00        

189810079160   move    847.00        973.00        

189810079461   move    846.00        973.00        

189810087108   move    846.00        974.00        

189810087696   move    846.00        976.00        

189810095645   move    846.00        977.00        

189810096044   move    844.00        977.00        

189810103983   move    844.00        979.00        

189810112506   move    844.00        980.00        

189810120946   move    844.00        982.00        

189810129374   move    844.00        983.00        

189810137243   move    843.00        983.00        

189810137833   move    843.00        985.00        

189810153884   move    843.00        986.00        

189810162614   move    843.00        988.00        

189810162913   move    841.00        988.00        

189810179195   move    841.00        989.00        

189810187717   move    840.00        989.00        

189810196355   move    840.00        991.00        

189810212808   move    840.00        992.00        

189810221355   move    840.00        994.00        

189810237437   move    840.00        995.00        

189810237532   move    838.00        995.00        

189810238333   move    838.00        997.00        

189810254485   move    838.00        998.00        

