timeStamp      GazeRX  GazeRY  GazeLX  GazeLY  

start time: 82157310955
82157310955    845.508     550.164     845.508     550.164 

82157319392    845.281     550.022     845.281     550.022 

82157327612    846.103     549.681     846.103     549.681 

82157335969    846.808     548.743     846.808     548.743 

82157344338    846.317     548.065     846.317     548.065 

82157352743    846.54      547.503     846.54      547.503 

82157360994    846.9       546.136     846.9       546.136 

82157369304    846.953     545.263     846.953     545.263 

82157377664    847.787     543.967     847.787     543.967 

82157386043    847.15      543.309     847.15      543.309 

82157394356    846.323     542.611     846.323     542.611 

82157402719    845.607     542.566     845.607     542.566 

82157411113    846.24      542.67      846.24      542.67  

82157419274    845.252     543.214     845.252     543.214 

82157427659    845.233     543.473     845.233     543.473 

82157436116    845.751     543.664     845.751     543.664 

82157444463    846.073     544.083     846.073     544.083 

82157452638    845.99      544.807     845.99      544.807 

82157461159    846.729     546.449     846.729     546.449 

82157469397    850.824     546.024     850.824     546.024 

82157477811    963.788     453.967     963.788     453.967 

82157486070    1038.415    356.779     1038.415    356.779 

82157494438    1090.165    282.569     1090.165    282.569 

82157502806    1135.135    235.312     1135.135    235.312 

82157511057    1139.744    221.257     1139.744    221.257 

82157519436    1135.923    216.678     1135.923    216.678 

82157527829    1139.47     215.91      1139.47     215.91  

82157536207    1137.792    214.53      1137.792    214.53  

82157544465    1141.187    215.428     1141.187    215.428 

82157552885    1143.739    212.754     1143.739    212.754 

82157561231    1143.129    211.42      1143.129    211.42  

82157569547    1142.997    209.733     1142.997    209.733 

82157577818    1141.459    209.074     1141.459    209.074 

82157586211    1143.047    207.949     1143.047    207.949 

82157594603    1141.215    206.729     1141.215    206.729 

82157602972    1140.488    205.407     1140.488    205.407 

82157611199    1143.192    204.05      1143.192    204.05  

82157619589    1143.015    203.211     1143.015    203.211 

82157627967    1143.851    202.69      1143.851    202.69  

82157636262    1143.9      202.22      1143.9      202.22  

82157644574    1142.768    202.712     1142.768    202.712 

82157652950    1142.438    203.735     1142.438    203.735 

82157661285    1142.992    204.427     1142.992    204.427 

82157669526    1144.526    205.04      1144.526    205.04  

82157677923    1145.862    205.344     1145.862    205.344 

82157686335    1146.664    205.801     1146.664    205.801 

82157694700    1148.226    206.137     1148.226    206.137 

82157703016    1147.991    207.265     1147.991    207.265 

82157711343    1147.361    208.971     1147.361    208.971 

82157719698    1148.249    209.385     1148.249    209.385 

82157728076    1149.684    210.028     1149.684    210.028 

82157736344    1150.319    210.977     1150.319    210.977 

82157744666    1151.377    211.169     1151.377    211.169 

82157753111    1151.081    211.561     1151.081    211.561 

82157761303    1150.555    211.196     1150.555    211.196 

82157769652    1149.113    211.16      1149.113    211.16  

82157778094    1150.542    211.334     1150.542    211.334 

82157786434    1152.391    211.031     1152.391    211.031 

82157794775    1155.13     211.669     1155.13     211.669 

82157811482    1159.564    207.628     1159.564    207.628 

82157819842    1159.466    205.377     1159.466    205.377 

82157828130    1161.965    204.845     1161.965    204.845 

82157836447    1163.079    204.979     1163.079    204.979 

82157844814    1163.334    203.606     1163.334    203.606 

82157853105    1165.708    203.838     1165.708    203.838 

82157861465    1167.029    203.31      1167.029    203.31  

82157869851    1168.063    203.133     1168.063    203.133 

82157878196    1168.961    203.374     1168.961    203.374 

82157886398    1168.58     203.36      1168.58     203.36  

82157894806    1167.573    204.023     1167.573    204.023 

82157903227    1167.697    204.779     1167.697    204.779 

82157911628    1167.725    205.898     1167.725    205.898 

82157919839    1167.31     205.933     1167.31     205.933 

82157928248    1167.381    205.193     1167.381    205.193 

82157936602    1167.857    204.313     1167.857    204.313 

82157944965    1168.82     202.419     1168.82     202.419 

82157953165    1169.074    200.732     1169.074    200.732 

82157961557    1170.49     199.005     1170.49     199.005 

82157969904    1171.256    197.313     1171.256    197.313 

82157978149    1170.95     196.909     1170.95     196.909 

82157986517    1170.32     195.24      1170.32     195.24  

82157995012    1171.334    194.003     1171.334    194.003 

82158003375    1172.134    194.151     1172.134    194.151 

82158011617    1172.975    193.918     1172.975    193.918 

82158019982    1172.197    194.423     1172.197    194.423 

82158028344    1172.632    194.492     1172.632    194.492 

82158036700    1172.486    196.356     1172.486    196.356 

82158044985    1172.147    197.943     1172.147    197.943 

82158053400    1171.839    199.396     1171.839    199.396 

82158061770    1171.908    199.359     1171.908    199.359 

82158070079    1173.314    199.273     1173.314    199.273 

82158078343    1175.037    199.512     1175.037    199.512 

82158086800    1175.674    199.244     1175.674    199.244 

82158095144    1176.906    199.211     1176.906    199.211 

82158103337    1177.353    198.256     1177.353    198.256 

82158120134    1180.174    197.555     1180.174    197.555 

82158128487    1180.473    195.893     1180.473    195.893 

82158136752    1181.332    194.901     1181.332    194.901 

82158145157    1179.725    193.265     1179.725    193.265 

82158153435    1179.257    192.144     1179.257    192.144 

82158161906    1180.414    191.139     1180.414    191.139 

82158170129    1179.949    189.716     1179.949    189.716 

82158178447    1178.944    188.992     1178.944    188.992 

82158186816    1178.753    188.083     1178.753    188.083 

82158195194    1178.444    187.369     1178.444    187.369 

82158203478    1177.73     187.476     1177.73     187.476 

82158211812    1178.31     188.006     1178.31     188.006 

82158220186    1178.085    188.764     1178.085    188.764 

82158228536    1177.971    189.92      1177.971    189.92  

82158236834    1178.714    191.63      1178.714    191.63  

82158245215    1179.644    193.578     1179.644    193.578 

82158253519    1178.652    195.635     1178.652    195.635 

82158261823    1177.602    198.254     1177.602    198.254 

82158270215    1176.089    199.36      1176.089    199.36  

82158278601    1173.196    200.348     1173.196    200.348 

82158286987    1173.47     201.345     1173.47     201.345 

82158295170    1172.813    202.328     1172.813    202.328 

82158303587    1175.009    202.124     1175.009    202.124 

82158311997    1176.485    202.086     1176.485    202.086 

82158320151    1173.259    201.341     1173.259    201.341 

82158328571    1173.821    200.351     1173.821    200.351 

82158337013    1172.823    200.76      1172.823    200.76  

82158345326    1171.339    201.124     1171.339    201.124 

82158353610    1171.592    200.127     1171.592    200.127 

82158361982    1171.762    200.551     1171.762    200.551 

82158370386    1173.584    199.389     1173.584    199.389 

82158378728    1174.299    200.171     1174.299    200.171 

82158386955    1174.868    200.991     1174.868    200.991 

82158395356    1172.289    202.717     1172.289    202.717 

82158403713    1170.625    204.506     1170.625    204.506 

82158412115    1170.965    206.798     1170.965    206.798 

82158420330    1171.414    207.695     1171.414    207.695 

82158428764    1170.898    208.309     1170.898    208.309 

82158437112    1172.591    208.25      1172.591    208.25  

82158445309    1172.587    209.921     1172.587    209.921 

82158453788    1173.181    211.484     1173.181    211.484 

82158462143    1170.51     214.412     1170.51     214.412 

82158470496    1170.704    215.903     1170.704    215.903 

82158478720    1169.2      215.609     1169.2      215.609 

82158487117    1169.485    214.457     1169.485    214.457 

