timeStamp      action  positionX     positionY     

start time: 88314555971

88314655604    move    832.00        540.00        

88314655689    move    831.00        540.00        

88314655997    move    831.00        541.00        

88314663637    move    829.00        541.00        

88314663835    move    829.00        543.00        

88314663940    move    828.00        543.00        

88314664158    move    828.00        544.00        

88314664236    move    826.00        544.00        

88314671994    move    825.00        546.00        

88314672194    move    823.00        547.00        

88314672469    move    822.00        549.00        

88314672805    move    826.00        546.00        

88314672888    move    820.00        550.00        

88314680575    move    819.00        552.00        

88314680644    move    817.00        552.00        

88314680834    move    817.00        553.00        

88314680936    move    816.00        555.00        

88314688725    move    814.00        555.00        

88314688825    move    814.00        556.00        

88314689047    move    813.00        556.00        

88314689126    move    813.00        558.00        

88314689335    move    811.00        559.00        

88314696985    move    810.00        561.00        

88314697173    move    808.00        561.00        

88314697279    move    807.00        562.00        

88314697473    move    805.00        564.00        

88314697555    move    804.00        565.00        

88314705323    move    802.00        567.00        

88314705414    move    801.00        568.00        

88314705613    move    799.00        570.00        

88314705717    move    798.00        571.00        

88314705945    move    796.00        573.00        

88314706013    move    795.00        574.00        

88314713685    move    793.00        577.00        

88314713762    move    792.00        577.00        

88314713974    move    790.00        580.00        

88314714058    move    789.00        582.00        

88314714264    move    787.00        583.00        

88314714376    move    786.00        585.00        

88314721931    move    783.00        588.00        

88314722039    move    781.00        589.00        

88314722242    move    780.00        592.00        

88314722363    move    778.00        594.00        

88314722535    move    775.00        597.00        

88314722639    move    774.00        598.00        

88314730524    move    772.00        601.00        

88314730623    move    769.00        603.00        

88314730830    move    768.00        606.00        

88314730931    move    766.00        609.00        

88314731121    move    765.00        610.00        

88314738805    move    762.00        612.00        

88314738993    move    760.00        615.00        

88314739129    move    759.00        618.00        

88314739301    move    756.00        619.00        

88314739421    move    754.00        622.00        

88314747003    move    751.00        625.00        

88314747099    move    750.00        627.00        

88314747324    move    747.00        630.00        

88314747415    move    745.00        633.00        

88314747602    move    742.00        634.00        

88314747698    move    741.00        637.00        

88314755394    move    738.00        640.00        

88314755485    move    736.00        642.00        

88314755687    move    735.00        645.00        

88314755787    move    732.00        648.00        

88314755979    move    730.00        649.00        

88314756086    move    729.00        652.00        

88314763852    move    726.00        654.00        

88314763855    move    724.00        657.00        

88314764061    move    721.00        658.00        

88314764197    move    720.00        661.00        

88314764361    move    718.00        664.00        

88314772064    move    715.00        666.00        

88314772248    move    714.00        669.00        

88314772350    move    711.00        670.00        

88314772544    move    709.00        672.00        

88314772644    move    708.00        675.00        

88314780286    move    705.00        676.00        

88314780382    move    703.00        679.00        

88314780581    move    702.00        681.00        

88314780683    move    699.00        684.00        

88314780979    move    696.00        687.00        

88314781081    move    694.00        688.00        

88314781298    move    693.00        691.00        

88314788726    move    691.00        693.00        

88314788943    move    690.00        694.00        

88314789043    move    688.00        696.00        

88314789241    move    687.00        697.00        

88314797133    move    685.00        700.00        

88314797280    move    682.00        702.00        

88314797379    move    681.00        703.00        

88314797605    move    679.00        705.00        

88314797696    move    678.00        706.00        

88314797871    move    676.00        709.00        

88314805488    move    675.00        711.00        

88314805687    move    673.00        712.00        

88314805771    move    670.00        714.00        

88314805980    move    669.00        715.00        

88314806081    move    667.00        717.00        

88314813689    move    664.00        720.00        

88314813887    move    663.00        721.00        

88314813982    move    661.00        723.00        

88314814188    move    660.00        724.00        

88314814278    move    658.00        726.00        

88314814543    move    666.00        718.00        

88314822210    move    657.00        727.00        

88314822298    move    655.00        729.00        

88314822489    move    654.00        730.00        

88314822591    move    652.00        732.00        

88314822791    move    651.00        733.00        

88314822885    move    649.00        735.00        

88314830587    move    648.00        736.00        

88314830687    move    646.00        736.00        

88314830885    move    643.00        738.00        

88314830989    move    642.00        739.00        

88314831182    move    642.00        741.00        

88314838787    move    640.00        741.00        

88314839014    move    639.00        742.00        

88314839095    move    637.00        742.00        

88314839287    move    636.00        744.00        

88314839385    move    634.00        745.00        

88314847054    move    633.00        745.00        

88314847154    move    631.00        747.00        

88314847379    move    630.00        747.00        

88314847457    move    628.00        747.00        

88314847660    move    627.00        748.00        

88314847761    move    625.00        748.00        

88314855586    move    624.00        750.00        

88314855735    move    622.00        750.00        

88314855828    move    621.00        751.00        

88314856109    move    619.00        751.00        

88314856417    move    625.00        750.00        

88314863955    move    618.00        751.00        

88314864281    move    616.00        753.00        

88314864545    move    615.00        753.00        

88314872089    move    613.00        753.00        

88314872295    move    613.00        754.00        

88314872395    move    612.00        754.00        

88314872700    move    610.00        754.00        

88314880551    move    609.00        756.00        

88314880753    move    607.00        756.00        

88314881131    move    606.00        756.00        

88314888864    move    606.00        757.00        

88314889069    move    604.00        757.00        

88314889285    move    603.00        759.00        

88314889580    move    601.00        759.00        

88314889862    move    600.00        760.00        

88314897405    move    598.00        760.00        

88314897519    move    598.00        762.00        

88314897683    move    597.00        762.00        

88314905514    move    597.00        763.00        

88314905720    move    595.00        763.00        

88314905805    move    595.00        765.00        

88314906022    move    594.00        765.00        

88314906111    move    592.00        765.00        

88314913846    move    592.00        766.00        

88314913946    move    591.00        766.00        

88314914174    move    591.00        768.00        

88314914451    move    589.00        769.00        

88314922326    move    588.00        769.00        

88314922398    move    588.00        771.00        

88314922599    move    586.00        771.00        

88314922690    move    586.00        772.00        

88314922903    move    585.00        772.00        

88314922995    move    585.00        774.00        

88314930764    move    583.00        774.00        

88314930851    move    583.00        775.00        

88314931054    move    582.00        775.00        

88314931344    move    582.00        777.00        

88314938849    move    580.00        777.00        

88314939138    move    580.00        778.00        

88314939340    move    579.00        778.00        

88314947164    move    577.00        780.00        

88314947699    move    576.00        781.00        

88314948001    move    579.00        780.00        

88314955984    move    576.00        783.00        

88314956206    move    574.00        783.00        

88314964596    move    574.00        784.00        

88314972482    move    573.00        784.00        

88314989680    move    573.00        787.00        

88314989818    move    573.00        786.00        

88314989873    move    571.00        787.00        

88314997495    move    571.00        789.00        

88315005649    move    571.00        790.00        

88315005924    move    570.00        792.00        

88315006245    move    570.00        793.00        

88315014085    move    568.00        795.00        

88315014423    move    568.00        796.00        

88315014602    move    568.00        798.00        

88315014696    move    567.00        799.00        

88315022496    move    567.00        801.00        

88315022595    move    565.00        801.00        

88315022835    move    565.00        802.00        

88315022989    move    565.00        804.00        

88315023095    move    564.00        805.00        

88315030641    move    564.00        807.00        

88315030839    move    562.00        808.00        

88315031170    move    561.00        810.00        

88315031250    move    561.00        811.00        

88315038947    move    561.00        813.00        

88315039155    move    559.00        814.00        

88315039257    move    559.00        816.00        

88315039455    move    558.00        817.00        

88315047429    move    556.00        819.00        

88315047532    move    556.00        820.00        

88315047728    move    555.00        820.00        

88315047831    move    555.00        822.00        

88315048030    move    555.00        823.00        

88315048122    move    553.00        823.00        

88315055658    move    553.00        825.00        

88315055836    move    552.00        825.00        

88315055947    move    552.00        826.00        

88315056245    move    550.00        826.00        

88315064011    move    550.00        828.00        

88315064406    move    549.00        829.00        

88315072496    move    547.00        831.00        

88315080834    move    546.00        831.00        

88315081071    move    546.00        832.00        

88315089541    move    544.00        832.00        

88315097542    move    544.00        834.00        

88315105899    move    543.00        834.00        

88315106158    move    543.00        835.00        

88315114426    move    541.00        837.00        

88315122516    move    541.00        838.00        

88315122586    move    540.00        838.00        

88315122893    move    540.00        840.00        

88315130902    move    538.00        841.00        

88315131310    move    538.00        843.00        

88315139047    move    537.00        843.00        

88315139089    move    537.00        844.00        

88315139611    move    535.00        846.00        

88315147607    move    535.00        847.00        

88315147794    move    534.00        847.00        

88315147909    move    534.00        849.00        

88315155854    move    532.00        850.00        

88315156260    move    532.00        852.00        

88315156466    move    531.00        852.00        

88315164308    move    531.00        853.00        

88315164730    move    529.00        853.00        

88315164922    move    529.00        855.00        

88315173054    move    528.00        855.00        

88315181564    move    528.00        856.00        

88315189574    move    526.00        856.00        

88315205911    move    526.00        858.00        

88315206579    move    525.00        858.00        

88315223086    move    523.00        858.00        

88315239243    move    523.00        859.00        

88315247794    move    522.00        859.00        

88315272998    move    520.00        859.00        

88315280960    move    520.00        861.00        

88315289698    move    519.00        861.00        

88315306570    move    517.00        862.00        

88315331005    move    516.00        862.00        

88315339588    move    516.00        864.00        

88315347970    move    514.00        864.00        

88315372755    move    513.00        864.00        

88315390240    move    511.00        864.00        

88315398057    move    511.00        865.00        

88315406494    move    510.00        865.00        

88315415146    move    508.00        865.00        

88315423075    move    508.00        867.00        

88315431088    move    507.00        867.00        

