timeStamp      GazeRX  GazeRY  GazeLX  GazeLY  

start time: 153474402493
153474402493   838.59      502.042     838.59      502.042 

153474410785   838.847     502.303     838.847     502.303 

153474418985   838.36      503.192     838.36      503.192 

153474427372   838.705     504.721     838.705     504.721 

153474435753   839.96      505.808     839.96      505.808 

153474443992   843.018     508.116     843.018     508.116 

153474452374   845.306     505.629     845.306     505.629 

153474460762   848         506.586     848         506.586 

153474469118   850.248     508.432     850.248     508.432 

153474477382   848.142     506.041     848.142     506.041 

153474485741   842.798     506.088     842.798     506.088 

153474494146   843.561     504.674     843.561     504.674 

153474502498   841.353     504.847     841.353     504.847 

153474510706   847.826     503.459     847.826     503.459 

153474519111   847.317     502.111     847.317     502.111 

153474527470   850.125     503.98      850.125     503.98  

153474535832   845.404     502.369     845.404     502.369 

153474544154   841.587     503.109     841.587     503.109 

153474552484   837.752     503.24      837.752     503.24  

153474560864   840.073     503.355     840.073     503.355 

153474569075   840.66      502.375     840.66      502.375 

153474577496   845.062     502.579     845.062     502.579 

153474585832   849.102     505.146     849.102     505.146 

153474594281   845.184     504.817     845.184     504.817 

153474602445   845.939     504.248     845.939     504.248 

153474610789   849.653     505.014     849.653     505.014 

153474619254   1005.041    459.408     1005.041    459.408 

153474627543   1098.762    337.402     1098.762    337.402 

153474635832   1167.744    274.657     1167.744    274.657 

153474644168   1165.79     213.86      1165.79     213.86  

153474652590   1180.432    208.455     1180.432    208.455 

153474660986   1195.608    208.55      1195.608    208.55  

153474669180   1179.865    205.566     1179.865    205.566 

153474677569   1186.465    202.247     1186.465    202.247 

153474685965   1173.199    195.348     1173.199    195.348 

153474694214   1174.871    196.484     1174.871    196.484 

153474702527   1183.948    192.894     1183.948    192.894 

153474710926   1188.578    190.909     1188.578    190.909 

153474719312   1189.014    184.863     1189.014    184.863 

153474727553   1193.712    176.303     1193.712    176.303 

153474735978   1198.023    162.463     1198.023    162.463 

153474744381   1197.661    157.542     1197.661    157.542 

153474752595   1198.8      164.238     1198.8      164.238 

153474760981   1199.084    156.691     1199.084    156.691 

153474769387   1198.855    155.414     1198.855    155.414 

153474777708   1196.956    162.634     1196.956    162.634 

153474786095   1195.15     153.971     1195.15     153.971 

153474794386   1194.09     152.395     1194.09     152.395 

153474802668   1191.503    152.469     1191.503    152.469 

153474811099   1190.873    151.369     1190.873    151.369 

153474819333   1197.367    154.493     1197.367    154.493 

153474827671   1194.711    151.463     1194.711    151.463 

153474836119   1190.677    152.315     1190.677    152.315 

153474844441   1189.214    151.524     1189.214    151.524 

153474852631   1184.79     153.893     1184.79     153.893 

153474861077   1183.666    153.822     1183.666    153.822 

153474869462   1183.916    155.296     1183.916    155.296 

153474877811   1183.261    153.615     1183.261    153.615 

153474886091   1191.692    153.127     1191.692    153.127 

153474894495   1193.229    152.936     1193.229    152.936 

153474902903   1190.391    162.243     1190.391    162.243 

153474911243   1189.33     164.243     1189.33     164.243 

153474919427   977.859     746.011     977.859     746.011 

153474927773   0           0           0           0       

153474936257   0           0           0           0       

153474944470   0           0           0           0       

153474952813   0           0           0           0       

153474961334   0           0           0           0       

153474969549   0           0           0           0       

153474977808   0           0           0           0       

153474986240   0           0           0           0       

153475003000   0           0           0           0       

153475011207   0           0           0           0       

153475019567   0           0           0           0       

153475027931   0           0           0           0       

153475036189   1487.738    221.059     1487.738    221.059 

153475044598   1484.029    226.914     1484.029    226.914 

153475052895   913.441     50.382      913.441     50.382  

153475061447   1351.585    189.165     1351.585    189.165 

153475069580   1178.591    125.609     1178.591    125.609 

153475077973   1154.161    146.983     1154.161    146.983 

153475086322   1173.857    178.368     1173.857    178.368 

153475094791   1177.339    176.292     1177.339    176.292 

153475102935   1175.008    177.408     1175.008    177.408 

153475111362   1178.98     175.964     1178.98     175.964 

153475119666   1175.957    173.305     1175.957    173.305 

153475128173   1177.686    175.825     1177.686    175.825 

153475136368   1175.426    176.214     1175.426    176.214 

153475144692   1174.108    176.268     1174.108    176.268 

153475153112   1172.509    177.015     1172.509    177.015 

153475161287   1172.679    178.25      1172.679    178.25  

153475169651   1174.496    179.221     1174.496    179.221 

153475178125   1172.218    178.565     1172.218    178.565 

153475186500   1169.464    178.482     1169.464    178.482 

153475194703   1167.444    177.41      1167.444    177.41  

153475203073   1166.368    176.053     1166.368    176.053 

153475211466   1165.061    175.336     1165.061    175.336 

153475219800   1167.954    166.893     1167.954    166.893 

153475228100   1181.782    154.264     1181.782    154.264 

153475236443   1183.286    151.413     1183.286    151.413 

153475244857   1176.982    148.101     1176.982    148.101 

153475253234   1174.92     150.217     1174.92     150.217 

153475261442   1176.67     149.265     1176.67     149.265 

153475269860   1167.101    146.717     1167.101    146.717 

153475278225   1173.344    144.813     1173.344    144.813 

153475286482   1188.887    140.434     1188.887    140.434 

153475294864   1197.209    141.407     1197.209    141.407 

153475303251   1195.92     140.943     1195.92     140.943 

153475311655   1180.481    142.876     1180.481    142.876 

153475319831   1177.159    144.178     1177.159    144.178 

153475328206   1182.77     147.166     1182.77     147.166 

153475336622   1170.034    147.849     1170.034    147.849 

153475344958   1169.92     148.098     1169.92     148.098 

153475353237   1179.778    151.051     1179.778    151.051 

153475361572   1175.968    152.189     1175.968    152.189 

153475369993   1185.788    149.793     1185.788    149.793 

153475378209   1190.7      151.713     1190.7      151.713 

153475386570   1187.835    154.407     1187.835    154.407 

153475394967   1181.702    155.329     1181.702    155.329 

153475403377   1176.975    156.437     1176.975    156.437 

153475411578   1172.225    157.684     1172.225    157.684 

153475419946   1172.185    154.301     1172.185    154.301 

153475428325   1184.987    155.358     1184.987    155.358 

153475436746   1189.067    152.534     1189.067    152.534 

153475444947   1187.442    153         1187.442    153     

153475453334   1183.185    152.706     1183.185    152.706 

153475461654   1166.827    152.169     1166.827    152.169 

153475470143   1166.594    159.279     1166.594    159.279 

153475478322   1167.35     163.624     1167.35     163.624 

153475486779   1161.306    165.106     1161.306    165.106 

153475495131   1161.033    170.35      1161.033    170.35  

153475503353   1163.991    172.965     1163.991    172.965 

153475511771   1163.454    177.195     1163.454    177.195 

153475520136   1156.321    179.414     1156.321    179.414 

153475528461   1158.934    180.282     1158.934    180.282 

153475536734   1158.441    179.623     1158.441    179.623 

153475545085   1158.066    183.453     1158.066    183.453 

153475553493   1160.115    184.831     1160.115    184.831 

153475561839   1159.889    185.076     1159.889    185.076 

153475570062   1161.532    184.371     1161.532    184.371 

153475578449   1162.498    184.294     1162.498    184.294 

153475586852   1161.76     184.368     1161.76     184.368 

153475595231   1162.456    182.339     1162.456    182.339 

153475603428   1163.575    179.708     1163.575    179.708 

153475611877   1165.97     178.56      1165.97     178.56  

153475620247   1167.583    175.985     1167.583    175.985 

153475628477   1172.11     174.273     1172.11     174.273 

153475636860   1171.252    169.866     1171.252    169.866 

153475645172   1171.213    176.474     1171.213    176.474 

153475653642   1170.025    176.253     1170.025    176.253 

153475661828   1167.24     177.636     1167.24     177.636 

153475670225   1167.595    178.216     1167.595    178.216 

153475678606   1168.878    177.236     1168.878    177.236 

153475686953   1163.349    175.406     1163.349    175.406 

153475695195   1164.668    178.734     1164.668    178.734 

153475703572   1169.978    176.553     1169.978    176.553 

153475711996   1169.162    177.721     1169.162    177.721 

153475720401   1172.915    177.942     1172.915    177.942 

153475728633   1163.508    182.526     1163.508    182.526 

153475736967   1161.3      182.32      1161.3      182.32  

153475745346   1159.735    183.263     1159.735    183.263 

153475753579   1158.148    182.063     1158.148    182.063 

153475761956   1157.674    181.584     1157.674    181.584 

153475770371   1155.383    181.484     1155.383    181.484 

153475778688   1163.887    182.582     1163.887    182.582 

153475786939   1159.048    183.366     1159.048    183.366 

153475795326   1160.125    183.155     1160.125    183.155 

153475803719   1160.138    185.122     1160.138    185.122 

153475812139   1160.902    185.778     1160.902    185.778 

153475820389   1163.739    184.936     1163.739    184.936 

153475828746   1171.318    181.534     1171.318    181.534 

153475837092   1179.6      179.62      1179.6      179.62  

153475845329   1185.407    176.689     1185.407    176.689 

153475853708   1182.013    172.911     1182.013    172.911 

153475862049   1187.24     170.128     1187.24     170.128 

153475870518   1194.937    166.897     1194.937    166.897 

153475878752   1197.206    166.078     1197.206    166.078 

153475887122   1192.398    155.654     1192.398    155.654 

153475895480   1203.704    154.889     1203.704    154.889 

153475903861   1200.112    148.159     1200.112    148.159 

153475912068   1204.999    142.902     1204.999    142.902 

153475920454   1204.152    140.436     1204.152    140.436 

153475928844   1206.672    140.174     1206.672    140.174 

153475937201   1206.054    138.967     1206.054    138.967 

153475945438   1205.112    140.372     1205.112    140.372 

