timeStamp      action  positionX     positionY     

start time: 153182437548

153182562788   move    823.00        513.00        

153182563062   move    822.00        513.00        

153182563370   move    820.00        513.00        

153182563661   move    819.00        513.00        

153182563958   move    817.00        513.00        

153182579242   move    816.00        513.00        

153182579436   move    814.00        513.00        

153182579859   move    813.00        513.00        

153182587660   move    811.00        513.00        

153182587857   move    810.00        513.00        

153182588089   move    808.00        513.00        

153182588263   move    807.00        513.00        

153182588353   move    805.00        513.00        

153182596020   move    802.00        511.00        

153182596175   move    801.00        511.00        

153182596413   move    799.00        511.00        

153182596470   move    798.00        511.00        

153182604097   move    796.00        511.00        

153182604201   move    795.00        511.00        

153182604425   move    793.00        511.00        

153182604602   move    792.00        511.00        

153182604690   move    790.00        511.00        

153182612579   move    789.00        511.00        

153182612677   move    787.00        510.00        

153182612774   move    786.00        510.00        

153182612977   move    784.00        510.00        

153182613079   move    783.00        510.00        

153182613178   move    781.00        510.00        

153182620756   move    780.00        510.00        

153182620848   move    778.00        510.00        

153182620948   move    777.00        510.00        

153182621046   move    775.00        510.00        

153182621280   move    774.00        510.00        

153182621347   move    772.00        508.00        

153182621447   move    771.00        508.00        

153182621540   move    769.00        508.00        

153182629194   move    768.00        508.00        

153182629294   move    766.00        508.00        

153182629480   move    765.00        508.00        

153182629700   move    763.00        508.00        

153182629787   move    762.00        508.00        

153182629893   move    760.00        508.00        

153182637562   move    759.00        508.00        

153182637669   move    757.00        508.00        

153182637761   move    756.00        508.00        

153182637858   move    754.00        508.00        

153182637961   move    753.00        508.00        

153182638059   move    751.00        508.00        

153182638161   move    750.00        507.00        

153182638252   move    748.00        507.00        

153182646038   move    745.00        507.00        

153182646140   move    744.00        507.00        

153182646245   move    742.00        507.00        

153182646328   move    741.00        507.00        

153182646441   move    739.00        507.00        

153182646535   move    738.00        507.00        

153182646636   move    736.00        507.00        

153182646727   move    747.00        507.00        

153182654194   move    735.00        507.00        

153182654300   move    733.00        507.00        

153182654394   move    732.00        507.00        

153182654596   move    730.00        507.00        

153182654695   move    729.00        507.00        

153182654782   move    727.00        507.00        

153182654894   move    726.00        507.00        

153182662603   move    724.00        507.00        

153182662790   move    723.00        507.00        

153182662890   move    721.00        507.00        

153182663024   move    720.00        507.00        

153182663088   move    718.00        507.00        

153182663188   move    717.00        507.00        

153182663302   move    715.00        507.00        

153182663388   move    714.00        507.00        

153182663483   move    712.00        507.00        

153182670913   move    711.00        507.00        

153182671055   move    709.00        507.00        

153182671146   move    708.00        507.00        

153182671198   move    706.00        507.00        

153182671308   move    705.00        507.00        

153182671407   move    703.00        507.00        

153182671504   move    702.00        507.00        

153182679294   move    700.00        507.00        

153182679391   move    699.00        507.00        

153182679591   move    697.00        507.00        

153182679691   move    696.00        507.00        

153182679795   move    694.00        507.00        

153182679886   move    693.00        507.00        

153182679993   move    691.00        507.00        

153182687593   move    690.00        507.00        

153182687705   move    688.00        507.00        

153182687784   move    687.00        507.00        

153182687884   move    685.00        507.00        

153182687984   move    684.00        507.00        

153182688083   move    682.00        507.00        

153182688184   move    681.00        507.00        

153182688273   move    679.00        507.00        

153182695917   move    676.00        507.00        

153182695980   move    675.00        507.00        

153182696086   move    673.00        507.00        

153182696180   move    672.00        507.00        

153182696381   move    669.00        507.00        

153182696474   move    667.00        507.00        

153182696580   move    666.00        507.00        

153182696650   move    678.00        507.00        

153182704280   move    664.00        507.00        

153182704479   move    663.00        507.00        

153182704577   move    661.00        507.00        

153182704683   move    660.00        507.00        

153182704784   move    658.00        507.00        

153182704876   move    657.00        507.00        

153182704972   move    655.00        507.00        

153182712710   move    654.00        507.00        

153182712824   move    652.00        507.00        

153182712926   move    651.00        507.00        

153182713025   move    649.00        507.00        

153182713124   move    648.00        507.00        

153182713218   move    646.00        507.00        

153182713332   move    645.00        507.00        

153182713429   move    643.00        507.00        

153182721029   move    642.00        507.00        

153182721127   move    640.00        507.00        

153182721232   move    639.00        507.00        

153182721326   move    637.00        507.00        

153182721414   move    636.00        507.00        

153182721621   move    634.00        507.00        

153182721722   move    631.00        507.00        

153182729529   move    628.00        507.00        

153182729741   move    627.00        507.00        

153182729841   move    625.00        507.00        

153182729938   move    624.00        507.00        

153182730030   move    622.00        507.00        

153182737742   move    619.00        507.00        

153182737801   move    618.00        507.00        

153182737910   move    616.00        507.00        

153182738012   move    615.00        507.00        

153182738190   move    613.00        507.00        

153182738289   move    612.00        507.00        

153182738523   move    621.00        507.00        

153182745889   move    610.00        507.00        

153182745986   move    609.00        507.00        

153182746086   move    607.00        507.00        

153182746187   move    606.00        507.00        

153182746391   move    604.00        507.00        

153182746488   move    603.00        507.00        

153182746588   move    601.00        507.00        

153182746710   move    600.00        507.00        

153182754434   move    598.00        507.00        

153182754594   move    597.00        507.00        

153182754693   move    595.00        507.00        

153182754793   move    594.00        507.00        

153182754894   move    592.00        507.00        

153182754990   move    591.00        508.00        

153182762751   move    589.00        508.00        

153182762860   move    588.00        508.00        

153182762961   move    586.00        508.00        

153182763060   move    585.00        508.00        

153182763248   move    583.00        508.00        

153182763354   move    582.00        508.00        

153182771001   move    580.00        508.00        

153182771092   move    579.00        508.00        

153182771292   move    577.00        509.00        

153182771391   move    576.00        509.00        

153182771494   move    574.00        509.00        

153182771596   move    573.00        509.00        

153182771689   move    571.00        509.00        

153182771998   move    570.00        509.00        

153182779293   move    568.00        509.00        

153182779447   move    567.00        511.00        

153182779608   move    565.00        511.00        

153182779711   move    564.00        511.00        

153182779810   move    562.00        511.00        

153182787746   move    561.00        511.00        

153182787810   move    559.00        511.00        

153182787909   move    558.00        511.00        

153182788031   move    558.00        512.00        

153182788108   move    556.00        512.00        

153182788206   move    555.00        512.00        

153182788306   move    553.00        512.00        

153182796079   move    552.00        512.00        

153182796180   move    550.00        512.00        

153182796285   move    549.00        512.00        

153182796477   move    547.00        514.00        

153182796580   move    546.00        514.00        

153182796671   move    544.00        514.00        

153182804641   move    541.00        514.00        

153182804754   move    540.00        514.00        

153182804964   move    538.00        514.00        

153182805061   move    537.00        514.00        

153182805149   move    535.00        515.00        

153182812863   move    534.00        515.00        

153182812925   move    532.00        515.00        

153182813024   move    531.00        515.00        

153182813239   move    529.00        515.00        

153182813312   move    528.00        515.00        

153182813425   move    526.00        515.00        

153182813522   move    525.00        515.00        

153182821101   move    523.00        515.00        

153182821204   move    522.00        515.00        

153182821303   move    522.00        517.00        

153182821401   move    520.00        517.00        

153182821501   move    519.00        517.00        

153182821602   move    517.00        517.00        

153182829386   move    516.00        517.00        

153182829491   move    514.00        517.00        

153182829567   move    513.00        517.00        

153182829687   move    511.00        517.00        

153182829884   move    510.00        517.00        

153182829991   move    508.00        517.00        

153182830084   move    507.00        517.00        

153182837799   move    505.00        517.00        

153182837902   move    504.00        517.00        

153182838018   move    502.00        518.00        

153182838186   move    501.00        518.00        

153182838321   move    499.00        518.00        

153182838383   move    498.00        518.00        

153182846081   move    496.00        518.00        

153182846176   move    495.00        518.00        

153182846283   move    493.00        518.00        

153182846478   move    492.00        518.00        

153182846591   move    490.00        518.00        

153182854436   move    489.00        518.00        

153182854518   move    487.00        518.00        

153182854718   move    486.00        518.00        

153182854837   move    484.00        518.00        

153182855019   move    483.00        518.00        

153182855128   move    481.00        518.00        

153182862697   move    480.00        518.00        

153182862905   move    478.00        518.00        

153182863000   move    477.00        518.00        

153182863187   move    475.00        518.00        

153182863287   move    474.00        518.00        

153182870999   move    472.00        518.00        

153182871183   move    471.00        518.00        

153182871302   move    469.00        518.00        

153182871505   move    468.00        518.00        

153182871779   move    466.00        518.00        

153182879454   move    465.00        518.00        

153182879530   move    463.00        518.00        

153182879765   move    462.00        518.00        

153182879950   move    460.00        518.00        

153182880168   move    459.00        518.00        

153182887767   move    457.00        518.00        

153182887973   move    456.00        518.00        

153182888209   move    454.00        518.00        

153182896202   move    453.00        518.00        

153182896401   move    451.00        518.00        

153182896602   move    450.00        518.00        

153182896908   move    448.00        518.00        

153182904679   move    447.00        518.00        

153182904844   move    445.00        518.00        

153182905141   move    444.00        518.00        

153182912898   move    442.00        518.00        

153182913199   move    441.00        518.00        

153182913494   move    439.00        518.00        

153182921268   move    438.00        518.00        

153182921593   move    436.00        518.00        

153182929543   move    435.00        518.00        

153182929870   move    433.00        518.00        

153182930245   move    432.00        518.00        

153182937996   move    430.00        518.00        

153182938466   move    429.00        518.00        

153182946469   move    427.00        518.00        

153182946966   move    426.00        518.00        

153182955028   move    424.00        518.00        

153182962884   move    423.00        518.00        

153182963490   move    421.00        518.00        

153182971142   move    421.00        517.00        

153182971676   move    420.00        517.00        

153182979841   move    418.00        517.00        

153182980456   move    417.00        517.00        

153182980755   move    417.00        516.00        

153182981133   move    415.00        516.00        

153183004584   move    414.00        516.00        

153183013713   move    411.00        514.00        

153183013800   move    412.00        514.00        

153183021920   move    409.00        514.00        

153183030017   move    408.00        514.00        

153183038034   move    406.00        514.00        

153183038412   move    405.00        514.00        

153183038497   move    405.00        513.00        

153183046306   move    403.00        513.00        

153183046837   move    402.00        513.00        

153183054627   move    400.00        513.00        

153183055060   move    399.00        513.00        

153183055321   move    397.00        513.00        

153183063128   move    396.00        513.00        

153183063426   move    394.00        513.00        

153183071502   move    393.00        513.00        

153183071821   move    391.00        513.00        

153183079778   move    390.00        513.00        

153183080120   move    388.00        513.00        

153183080383   move    387.00        513.00        

153183088119   move    385.00        513.00        

153183088418   move    385.00        514.00        

153183088495   move    384.00        514.00        

153183096352   move    382.00        514.00        

153183096756   move    381.00        514.00        

153183104792   move    381.00        515.00        

153183104963   move    379.00        515.00        

153183105358   move    378.00        515.00        

153183113744   move    376.00        517.00        

153183121765   move    375.00        517.00        

153183130067   move    375.00        518.00        

153183130276   move    373.00        518.00        

153183146494   move    373.00        520.00        

153183146576   move    372.00        520.00        

153183155001   move    372.00        521.00        

153183155252   move    370.00        521.00        

153183163328   move    370.00        523.00        

153183163594   move    369.00        523.00        

153183171619   move    369.00        524.00        

153183171946   move    367.00        524.00        

153183180016   move    367.00        526.00        

153183180323   move    366.00        526.00        

153183188143   move    366.00        527.00        

