timeStamp      GazeRX  GazeRY  GazeLX  GazeLY  

start time: 153891188793
153891188793   835.883     514.239     835.883     514.239 

153891197196   835.819     514.78      835.819     514.78  

153891205574   835.995     517.522     835.995     517.522 

153891213963   837         518.436     837         518.436 

153891222192   839.352     518.239     839.352     518.239 

153891230585   839.438     517.965     839.438     517.965 

153891238955   841.137     517.952     841.137     517.952 

153891247343   843.111     516.962     843.111     516.962 

153891255533   843.113     516.631     843.113     516.631 

153891263952   842.462     515.064     842.462     515.064 

153891272331   842.97      514.281     842.97      514.281 

153891280754   840.933     513.355     840.933     513.355 

153891288917   839.762     512.57      839.762     512.57  

153891297301   838.06      512.12      838.06      512.12  

153891305672   836.6       511.721     836.6       511.721 

153891313897   836.156     511.727     836.156     511.727 

153891322328   835.274     511.777     835.274     511.777 

153891330710   834.584     512.304     834.584     512.304 

153891339083   834.226     514.062     834.226     514.062 

153891347361   833.799     513.704     833.799     513.704 

153891355641   833.046     514.671     833.046     514.671 

153891364008   832.428     515.413     832.428     515.413 

153891372508   832.076     497.869     832.076     497.869 

153891380641   828.238     338.492     828.238     338.492 

153891389007   827.998     276.336     827.998     276.336 

153891397457   821.52      217.467     821.52      217.467 

153891405700   820.624     164.925     820.624     164.925 

153891414024   811.832     138.444     811.832     138.444 

153891422489   808.252     110.044     808.252     110.044 

153891430680   804.271     91.112      804.271     91.112  

153891439011   792.72      84.992      792.72      84.992  

153891447453   793.902     80.229      793.902     80.229  

153891455737   791.72      79.646      791.72      79.646  

153891464134   789.437     73.896      789.437     73.896  

153891472453   788.323     66.667      788.323     66.667  

153891480721   787.94      60.311      787.94      60.311  

153891489161   786.399     67.051      786.399     67.051  

153891497500   786.387     63.198      786.387     63.198  

153891505761   787.019     59.583      787.019     59.583  

153891514172   786.846     59.361      786.846     59.361  

153891522523   788.162     59.21       788.162     59.21   

153891530806   787.218     53.667      787.218     53.667  

153891539180   787.882     52.392      787.882     52.392  

153891547610   788.007     51.666      788.007     51.666  

153891555881   788.982     52.225      788.982     52.225  

153891564133   789.465     54.255      789.465     54.255  

153891572579   789.857     56.978      789.857     56.978  

153891580870   791.584     45.472      791.584     45.472  

153891589238   790.332     -3.855      790.332     -3.855  

153891597519   792.072     2.021       792.072     2.021   

153891605904   794.369     12.694      794.369     12.694  

153891614340   794.738     -2.724      794.738     -2.724  

153891622735   795.881     0.374       795.881     0.374   

153891630967   796.657     -6.519      796.657     -6.519  

153891639347   796.339     -8.468      796.339     -8.468  

153891647723   798.205     -7.137      798.205     -7.137  

153891655946   798.546     -10.329     798.546     -10.329 

153891664337   799.406     -14.641     799.406     -14.641 

153891672719   798.421     -15.171     798.421     -15.171 

153891681131   798.585     -15.492     798.585     -15.492 

153891689296   797.14      -33.545     797.14      -33.545 

153891697693   795.16      -27.787     795.16      -27.787 

153891706118   792.43      -28.356     792.43      -28.356 

153891714402   790.461     -35.071     790.461     -35.071 

153891722693   790.131     -36.375     790.131     -36.375 

153891731015   787.962     -38.419     787.962     -38.419 

153891739455   787.429     -35.082     787.429     -35.082 

153891747897   786.768     -32.122     786.768     -32.122 

153891756027   786.961     -31.318     786.961     -31.318 

153891764419   787.077     -28.906     787.077     -28.906 

153891772781   786.105     -35.526     786.105     -35.526 

153891781112   784.992     -32.957     784.992     -32.957 

153891789444   782.624     -31.63      782.624     -31.63  

153891797792   779.241     -28.43      779.241     -28.43  

153891806220   781.316     -26.345     781.316     -26.345 

153891814459   782.892     -24.818     782.892     -24.818 

153891822831   785.584     -24.412     785.584     -24.412 

153891831203   787.789     -23.216     787.789     -23.216 

153891839630   787.46      -22.81      787.46      -22.81  

153891847842   789.64      -23.626     789.64      -23.626 

153891856274   786.401     -24.281     786.401     -24.281 

153891864563   790.08      -21.67      790.08      -21.67  

153891872818   788.834     -19.634     788.834     -19.634 

153891881176   789.409     -18.007     789.409     -18.007 

153891889601   790.251     -14.465     790.251     -14.465 

153891897921   792.561     -13.39      792.561     -13.39  

153891906188   793.945     -14.343     793.945     -14.343 

153891914575   791.949     -14.288     791.949     -14.288 

153891922884   794.532     -12.737     794.532     -12.737 

153891931337   793.617     -13.471     793.617     -13.471 

153891939558   792.763     -14.604     792.763     -14.604 

153891947946   790.541     -12.404     790.541     -12.404 

153891956264   791.149     -13.537     791.149     -13.537 

153891964704   793.327     -13.215     793.327     -13.215 

153891972900   791.501     -13.729     791.501     -13.729 

153891981319   791.583     -13.994     791.583     -13.994 

153891989667   790.415     -11.468     790.415     -11.468 

153891997933   790.826     -9.429      790.826     -9.429  

153892006236   792.22      -8.395      792.22      -8.395  

153892014768   789.931     -10.834     789.931     -10.834 

153892023088   788.634     -6.981      788.634     -6.981  

153892031290   788.023     -2.742      788.023     -2.742  

153892039715   788.57      -7.005      788.57      -7.005  

153892048085   787.933     -10.861     787.933     -10.861 

153892056478   785.956     -9.302      785.956     -9.302  

153892064688   787.083     -12.852     787.083     -12.852 

153892073095   786.818     -14.889     786.818     -14.889 

153892081440   785.757     -22.762     785.757     -22.762 

153892089834   786.4       -23.578     786.4       -23.578 

153892098052   784.912     -28.259     784.912     -28.259 

153892106458   785.108     -27.594     785.108     -27.594 

153892114792   786.918     -32.483     786.918     -32.483 

153892123059   787.808     -29.974     787.808     -29.974 

153892131429   788.074     -29.146     788.074     -29.146 

153892139817   787.323     -31.766     787.323     -31.766 

153892148215   786.836     -31.57      786.836     -31.57  

153892156462   786.728     -31.503     786.728     -31.503 

153892164824   785.761     -33.773     785.761     -33.773 

153892173193   785.205     -32.655     785.205     -32.655 

153892181561   784.569     -32.356     784.569     -32.356 

153892189819   784.584     -32.511     784.584     -32.511 

153892198224   785.262     -30.137     785.262     -30.137 

153892206564   783.896     -30.497     783.896     -30.497 

153892214809   784.232     -33.293     784.232     -33.293 

153892223190   783.912     -33.645     783.912     -33.645 

153892231571   784.555     -30.285     784.555     -30.285 

153892239955   785.624     -28.398     785.624     -28.398 

153892248203   783.543     -27.692     783.543     -27.692 

153892256542   784.006     -26.08      784.006     -26.08  

153892264945   783.938     -22.811     783.938     -22.811 

153892273314   782.965     -22.837     782.965     -22.837 

153892281558   782.123     -23.428     782.123     -23.428 

153892289932   782.776     -21.662     782.776     -21.662 

153892298330   782.973     -20.462     782.973     -20.462 

153892306681   783.66      -19.322     783.66      -19.322 

153892314963   784.661     -18.685     784.661     -18.685 

153892323323   784.899     -19.572     784.899     -19.572 

153892331710   786.689     -19.529     786.689     -19.529 

153892339940   788.091     -20.724     788.091     -20.724 

153892348341   790.825     -21.907     790.825     -21.907 

153892356703   791.938     -22.913     791.938     -22.913 

153892365092   793.364     -23.127     793.364     -23.127 

153892373307   795.462     -22.629     795.462     -22.629 

153892381679   794.466     -22.976     794.466     -22.976 

153892390079   794.584     -25.046     794.584     -25.046 

153892398469   794.928     -25.318     794.928     -25.318 

153892406669   795.128     -22.399     795.128     -22.399 

153892415081   795.133     -22.448     795.133     -22.448 

153892423441   794.36      -22.63      794.36      -22.63  

153892431837   793.96      -19.935     793.96      -19.935 

153892440030   792.289     -18.036     792.289     -18.036 

153892448467   791.105     -15.629     791.105     -15.629 

153892456832   791.72      -12.116     791.72      -12.116 

153892465076   790.976     -12.221     790.976     -12.221 

153892473417   791.258     -10.274     791.258     -10.274 

153892481807   791.945     -6.227      791.945     -6.227  

153892490194   791.835     -7.486      791.835     -7.486  

153892498499   790.814     -8.037      790.814     -8.037  

153892506856   789.913     -7.131      789.913     -7.131  

153892515167   789.94      -5.686      789.94      -5.686  

153892523573   789.355     -8.229      789.355     -8.229  

153892531811   789.199     -9.107      789.199     -9.107  

153892540185   788.348     -11.975     788.348     -11.975 

153892548588   787.21      -14.219     787.21      -14.219 

153892556952   785.414     -18.445     785.414     -18.445 

153892565213   786.063     -16.535     786.063     -16.535 

153892573574   785.37      -19.903     785.37      -19.903 

153892581962   784.766     -22.059     784.766     -22.059 

153892590171   785.061     -21.201     785.061     -21.201 

153892598556   784.724     -17         784.724     -17     

153892606978   783.719     -19.624     783.719     -19.624 

153892615364   784.515     -19.613     784.515     -19.613 

153892623542   785.737     -19.896     785.737     -19.896 

