timeStamp      GazeRX  GazeRY  GazeLX  GazeLY  

start time: 154141549941
154141549941   831.178     514.116     831.178     514.116 

154141558039   832.6       501.4       832.6       501.4   

154141566497   829.443     354.02      829.443     354.02  

154141574865   830.539     290.334     830.539     290.334 

154141583048   823.898     251.137     823.898     251.137 

154141591483   821.963     151.814     821.963     151.814 

154141599812   818.121     135.081     818.121     135.081 

154141608222   815.856     94.927      815.856     94.927  

154141616420   811.517     88.869      811.517     88.869  

154141624833   809.114     84.064      809.114     84.064  

154141633193   807.328     82.727      807.328     82.727  

154141641594   807.73      84.586      807.73      84.586  

154141649820   807.625     85.143      807.625     85.143  

154141666604   807.636     82.975      807.636     82.975  

154141674980   809.403     83.351      809.403     83.351  

154141683211   810.639     81.485      810.639     81.485  

154141691571   812.687     79.229      812.687     79.229  

154141699988   813.352     77.645      813.352     77.645  

154141708162   816.537     74.365      816.537     74.365  

154141716618   819.284     71.651      819.284     71.651  

154141724936   819.234     68.87       819.234     68.87   

154141733295   819.723     55.308      819.723     55.308  

154141741508   815.739     -34.982     815.739     -34.982 

154141749925   812.121     -37.422     812.121     -37.422 

154141758305   800.277     -51.154     800.277     -51.154 

154141766676   800.231     -40.363     800.231     -40.363 

154141774933   802.386     -47.765     802.386     -47.765 

154141783263   791.65      -46.244     791.65      -46.244 

154141791693   791.964     -44.387     791.964     -44.387 

154141799878   790.75      -41.449     790.75      -41.449 

154141808326   790.002     -39.695     790.002     -39.695 

154141816718   790.512     -37.088     790.512     -37.088 

154141825048   786.767     -38.814     786.767     -38.814 

154141833293   786.405     -37.926     786.405     -37.926 

154141841789   788.104     -38.003     788.104     -38.003 

154141850077   788.048     -34.702     788.048     -34.702 

154141858390   787.614     -36.544     787.614     -36.544 

154141866749   787.25      -35.905     787.25      -35.905 

154141874988   787.687     -35.057     787.687     -35.057 

154141883461   788.286     -37.648     788.286     -37.648 

154141891751   789.921     -32.622     789.921     -32.622 

154141900117   788.978     -29.447     788.978     -29.447 

154141908434   788.291     -33.809     788.291     -33.809 

154141916787   789.789     -33.932     789.789     -33.932 

154141924992   787.977     -34.507     787.977     -34.507 

154141933411   787.396     -35.546     787.396     -35.546 

154141941833   788.661     -29.322     788.661     -29.322 

154141950201   789.615     -29.761     789.615     -29.761 

154141958403   789.23      -31.134     789.23      -31.134 

154141966803   787.795     -30.207     787.795     -30.207 

154141975142   788.78      -31.795     788.78      -31.795 

154141983610   786.506     -30.557     786.506     -30.557 

154141991795   787.282     -28.023     787.282     -28.023 

154142000182   787.899     -27.208     787.899     -27.208 

154142008534   785.439     -31.355     785.439     -31.355 

154142016955   786.156     -25.842     786.156     -25.842 

154142025325   787.806     -23.844     787.806     -23.844 

154142033618   787.706     -25.697     787.706     -25.697 

154142041918   788.062     -27.483     788.062     -27.483 

154142050178   789.216     -26.316     789.216     -26.316 

154142058678   789.165     -22.798     789.165     -22.798 

154142066974   787.667     -23.434     787.667     -23.434 

154142075314   789.299     -22.684     789.299     -22.684 

154142083627   789.717     -24.529     789.717     -24.529 

154142091896   786.566     -27.693     786.566     -27.693 

154142100357   788.558     -26.097     788.558     -26.097 

154142108643   787.594     -28.263     787.594     -28.263 

154142116975   788.788     -29.073     788.788     -29.073 

154142125295   787.563     -29.385     787.563     -29.385 

154142133721   784.515     -27.514     784.515     -27.514 

154142142033   782.793     -25.914     782.793     -25.914 

154142150314   783.322     -29.087     783.322     -29.087 

154142158644   785.115     -28.602     785.115     -28.602 

154142167090   785.865     -30.21      785.865     -30.21  

154142175307   785.19      -27.976     785.19      -27.976 

154142183674   785.796     -28.508     785.796     -28.508 

154142192006   785.061     -28.903     785.061     -28.903 

154142200461   783.142     -30.755     783.142     -30.755 

154142208607   785.159     -30.568     785.159     -30.568 

154142217085   785.497     -29.158     785.497     -29.158 

154142225389   787.409     -29.649     787.409     -29.649 

154142233820   787.488     -29.874     787.488     -29.874 

154142242060   787.026     -25.936     787.026     -25.936 

154142250438   785.067     -22.454     785.067     -22.454 

154142258871   783.552     -18.515     783.552     -18.515 

154142267103   781.378     -12.549     781.378     -12.549 

154142275425   784.338     -10.337     784.338     -10.337 

154142283823   784.507     -9.176      784.507     -9.176  

154142292218   785.633     -7.237      785.633     -7.237  

154142300425   783.432     -4.549      783.432     -4.549  

154142308853   783.542     -4.679      783.542     -4.679  

154142317210   782.839     -4.579      782.839     -4.579  

154142325541   784.55      -4.013      784.55      -4.013  

154142333826   786.382     -5.658      786.382     -5.658  

154142342210   789.875     -4.597      789.875     -4.597  

154142350591   788.514     -7.295      788.514     -7.295  

154142358957   789.409     -10.699     789.409     -10.699 

154142367223   789.296     -10.931     789.296     -10.931 

154142375545   788.709     -12.277     788.709     -12.277 

154142383977   788.794     -13.112     788.794     -13.112 

154142392167   789.411     -17.111     789.411     -17.111 

154142400630   789.701     -17.754     789.701     -17.754 

154142408955   791.303     -19.074     791.303     -19.074 

154142417410   790.951     -20.917     790.951     -20.917 

154142425555   791.315     -21.61      791.315     -21.61  

154142433951   791.237     -25.111     791.237     -25.111 

154142442307   790.276     -26.791     790.276     -26.791 

154142450717   789.775     -28.204     789.775     -28.204 

154142458932   789.847     -26.803     789.847     -26.803 

154142467265   787.742     -30.569     787.742     -30.569 

154142475680   787.607     -30.24      787.607     -30.24  

154142484089   785.313     -30.591     785.313     -30.591 

154142492323   784.167     -31.476     784.167     -31.476 

154142500698   782.939     -31.456     782.939     -31.456 

154142509059   781.487     -30.951     781.487     -30.951 

154142517322   780.856     -28.837     780.856     -28.837 

154142525699   778.511     -27.075     778.511     -27.075 

154142534149   779.682     -27.147     779.682     -27.147 

154142542465   779.362     -26.742     779.362     -26.742 

154142550675   780.944     -23.473     780.944     -23.473 

154142559038   783.473     -22.775     783.473     -22.775 

154142567440   785.205     -21.232     785.205     -21.232 

154142575825   785.668     -18.128     785.668     -18.128 

154142584088   787.094     -15.125     787.094     -15.125 

154142592463   790.926     -12.841     790.926     -12.841 

154142600826   788.289     -10.875     788.289     -10.875 

154142609232   787.99      -10.191     787.99      -10.191 

154142617445   789.457     -9.526      789.457     -9.526  

154142625831   787.54      -7.465      787.54      -7.465  

154142634217   790.135     -4.843      790.135     -4.843  

154142642425   790.521     -2.29       790.521     -2.29   

154142650832   790.189     -1.22       790.189     -1.22   

154142659214   790.161     -2.882      790.161     -2.882  

154142667597   787.94      -1.879      787.94      -1.879  

154142675844   787.836     -5.254      787.836     -5.254  

154142684163   784.277     -7.332      784.277     -7.332  

154142692586   784.667     -11.631     784.667     -11.631 

154142700978   784.287     -14.873     784.287     -14.873 

154142709205   784.844     -12.448     784.844     -12.448 

154142717559   785.41      -13.627     785.41      -13.627 

154142725954   783.386     -15.887     783.386     -15.887 

154142734151   781.423     -15.771     781.423     -15.771 

154142742565   781.528     -14.861     781.528     -14.861 

154142750956   781.564     -15.034     781.564     -15.034 

154142759312   783.639     -15.846     783.639     -15.846 

