timeStamp      GazeRX  GazeRY  GazeLX  GazeLY  

start time: 154338626781
154338626781   786.239     88.212      786.239     88.212  

154338635250   783.455     90.952      783.455     90.952  

154338643546   782.007     84.428      782.007     84.428  

154338651900   781.282     82.069      781.282     82.069  

154338660158   782.407     75.283      782.407     75.283  

154338668518   777.921     71.704      777.921     71.704  

154338676903   776.859     69.116      776.859     69.116  

154338685150   772.255     66.214      772.255     66.214  

154338693591   776.57      63.686      776.57      63.686  

154338701950   775.69      -40.615     775.69      -40.615 

154338710296   779.753     -45.309     779.753     -45.309 

154338718523   782.456     -39.468     782.456     -39.468 

154338726885   792.011     -32.043     792.011     -32.043 

154338735296   799.281     -7.135      799.281     -7.135  

154338743570   793.399     -26.527     793.399     -26.527 

154338751912   795.34      -30.393     795.34      -30.393 

154338760310   793.757     -35.117     793.757     -35.117 

154338768603   795.074     -38.332     795.074     -38.332 

154338777049   790.799     -39.401     790.799     -39.401 

154338785324   791.214     -40.263     791.214     -40.263 

154338793621   787.536     -43.256     787.536     -43.256 

154338802020   787.609     -45.308     787.609     -45.308 

154338810347   785.33      -48.952     785.33      -48.952 

154338818585   785.245     -50.336     785.245     -50.336 

154338827022   783.474     -53.525     783.474     -53.525 

154338835432   782.651     -56.076     782.651     -56.076 

154338843626   781.763     -61.173     781.763     -61.173 

154338852073   781.215     -64.143     781.215     -64.143 

154338860494   780.164     -65.163     780.164     -65.163 

154338868800   781.248     -72.048     781.248     -72.048 

154338877123   780.61      -68.447     780.61      -68.447 

154338885449   781.06      -69.467     781.06      -69.467 

154338893845   779.901     -70.828     779.901     -70.828 

154338902160   780.683     -70.813     780.683     -70.813 

154338910439   782.378     -72.227     782.378     -72.227 

154338918850   782.046     -72.909     782.046     -72.909 

154338927213   777.514     -69.389     777.514     -69.389 

154338935451   780.117     -68.716     780.117     -68.716 

154338943825   780.431     -66.255     780.431     -66.255 

154338952226   781.445     -65.449     781.445     -65.449 

154338960577   781.676     -63.866     781.676     -63.866 

154338968826   782.708     -63.752     782.708     -63.752 

154338977157   781.164     -63.096     781.164     -63.096 

154338985583   781.81      -63.945     781.81      -63.945 

154338993955   782.345     -61.402     782.345     -61.402 

154339002213   781.068     -60.813     781.068     -60.813 

154339010575   780.943     -58.817     780.943     -58.817 

154339018974   781.274     -59.771     781.274     -59.771 

154339027191   781.122     -58.607     781.122     -58.607 

154339035596   781.112     -60.34      781.112     -60.34  

154339043998   780.873     -57.256     780.873     -57.256 

154339052338   781.213     -54.09      781.213     -54.09  

154339060564   782.539     -46.39      782.539     -46.39  

154339068970   783.062     -49.834     783.062     -49.834 

154339077349   784.371     -46.538     784.371     -46.538 

154339085713   783.307     -47.234     783.307     -47.234 

154339093936   781.735     -50.519     781.735     -50.519 

154339102305   782.373     -50.762     782.373     -50.762 

154339110700   787.519     -51.28      787.519     -51.28  

154339119081   789.963     -49.129     789.963     -49.129 

154339127324   789.732     -47.483     789.732     -47.483 

154339135705   790.924     -48.279     790.924     -48.279 

154339144068   790.998     -46.26      790.998     -46.26  

154339152349   785.463     -48.843     785.463     -48.843 

154339160695   783.528     -49.68      783.528     -49.68  

154339169071   780.465     -49.642     780.465     -49.642 

154339177471   791.841     -49.434     791.841     -49.434 

154339185667   796.372     -46.628     796.372     -46.628 

154339194053   794.404     -44.607     794.404     -44.607 

154339202483   791.59      -43.54      791.59      -43.54  

154339210798   789.685     -41.35      789.685     -41.35  

154339219080   788.728     -38.545     788.728     -38.545 

154339227420   785.442     -37.185     785.442     -37.185 

154339235779   790.958     -37.713     790.958     -37.713 

154339244208   793.411     -37.994     793.411     -37.994 

154339252441   792.464     -35.745     792.464     -35.745 

154339260852   793.673     -35.081     793.673     -35.081 

154339269158   791.15      -34.542     791.15      -34.542 

154339277428   788.125     -33.018     788.125     -33.018 

154339285804   784.928     -34.566     784.928     -34.566 

154339294230   780.919     -35.947     780.919     -35.947 

154339302580   782.929     -36.616     782.929     -36.616 

154339310790   782.891     -37.414     782.891     -37.414 

154339319166   785.002     -37.971     785.002     -37.971 

154339327567   779.242     -37.39      779.242     -37.39  

154339335982   780.57      -34.286     780.57      -34.286 

154339344190   779.741     -32.92      779.741     -32.92  

154339352563   779.639     -32.665     779.639     -32.665 

154339360987   778.159     -31.432     778.159     -31.432 

154339369284   778.037     -27.113     778.037     -27.113 

154339377570   778.478     -25.772     778.478     -25.772 

154339385970   780.079     -23.106     780.079     -23.106 

154339394357   779.109     -19.256     779.109     -19.256 

154339402526   779.287     -18.14      779.287     -18.14  

154339410880   778.183     -13.03      778.183     -13.03  

154339419324   779.985     5.729       779.985     5.729   

154339427728   780.222     14.226      780.222     14.226  

154339435927   781.415     18.899      781.415     18.899  

154339444329   781.675     19.284      781.675     19.284  

154339452667   782.472     19.753      782.472     19.753  

154339461066   783.597     26.62       783.597     26.62   

154339469343   785.376     31.997      785.376     31.997  

154339477718   786.383     33.615      786.383     33.615  

154339486057   786.277     32.272      786.277     32.272  

154339494284   786.317     35.366      786.317     35.366  

154339502706   786.742     35.752      786.742     35.752  

154339511070   786.869     35.963      786.869     35.963  

154339519485   786.655     34.801      786.655     34.801  

154339527662   786.482     33.445      786.482     33.445  

154339536052   785.875     35.257      785.875     35.257  

154339544483   786.475     35.62       786.475     35.62   

154339552874   787.667     35.801      787.667     35.801  

154339561090   787.719     34.269      787.719     34.269  

154339569448   786.049     34.41       786.049     34.41   

154339577829   786.216     34.398      786.216     34.398  

154339586215   785.683     33.099      785.683     33.099  

154339594442   785.33      32.236      785.33      32.236  

154339602818   784.461     29.655      784.461     29.655  

154339611227   784.223     28.948      784.223     28.948  

154339619417   783.287     26.517      783.287     26.517  

