timeStamp      GazeRX  GazeRY  GazeLX  GazeLY  

start time: 154532760730
154532760730   843.612     528.054     843.612     528.054 

154532769061   839.789     527.5       839.789     527.5   

154532777311   838.522     525.989     838.522     525.989 

154532785705   838.933     526.3       838.933     526.3   

154532794052   841.675     527.195     841.675     527.195 

154532802501   842.032     528.562     842.032     528.562 

154532810695   840.635     529.596     840.635     529.596 

154532819151   838.723     526.507     838.723     526.507 

154532827394   836.506     525.897     836.506     525.897 

154532835803   834.623     525.426     834.623     525.426 

154532844035   834.297     525.927     834.297     525.927 

154532852418   773.999     560.886     773.999     560.886 

154532860819   623.37      680.436     623.37      680.436 

154532869144   533.883     772.712     533.883     772.712 

154532877418   453.568     829.933     453.568     829.933 

154532885805   443.681     866.446     443.681     866.446 

154532894235   441.091     861.334     441.091     861.334 

154532902426   440.82      858.867     440.82      858.867 

154532910801   436.355     860.857     436.355     860.857 

154532919199   435.88      863.031     435.88      863.031 

154532927563   435.692     863.504     435.692     863.504 

154532935814   435.636     866.538     435.636     866.538 

154532944166   432.704     865.832     432.704     865.832 

154532952509   430.673     865.499     430.673     865.499 

154532960997   430.558     866.58      430.558     866.58  

154532969250   430.347     867.755     430.347     867.755 

154532977572   429.659     866.455     429.659     866.455 

154532985994   429.201     867.567     429.201     867.567 

154532994190   428.87      868.831     428.87      868.831 

154533002544   428.539     870.153     428.539     870.153 

154533011002   427.988     872.163     427.988     872.163 

154533019187   425.902     875.263     425.902     875.263 

154533027549   425.699     874.557     425.699     874.557 

154533035998   423.949     877.538     423.949     877.538 

154533044344   422.915     878.3       422.915     878.3   

154533052715   424.38      876.576     424.38      876.576 

154533061059   429.319     877.994     429.319     877.994 

154533069278   429.923     880.225     429.923     880.225 

154533077707   431.885     878.699     431.885     878.699 

154533086067   439.741     878.851     439.741     878.851 

154533094348   443.195     878.402     443.195     878.402 

154533102712   448.3       877.38      448.3       877.38  

154533111121   447.666     876.187     447.666     876.187 

154533119353   447.183     875.944     447.183     875.944 

154533127708   449.949     875.384     449.949     875.384 

154533136065   453.543     874.212     453.543     874.212 

154533144455   452.901     874.5       452.901     874.5   

154533152710   450.572     874.115     450.572     874.115 

154533161047   451.95      873.512     451.95      873.512 

154533169449   452.716     874.315     452.716     874.315 

154533177806   452.085     875.04      452.085     875.04  

154533186056   452.168     875.57      452.168     875.57  

154533194444   450.647     876.868     450.647     876.868 

154533202884   449.866     877.185     449.866     877.185 

154533211320   448.484     877.35      448.484     877.35  

154533219454   446.981     877.959     446.981     877.959 

154533227814   443.507     879.773     443.507     879.773 

154533236188   442.546     881.205     442.546     881.205 

154533244403   444.154     882.074     444.154     882.074 

154533252840   444.567     881.63      444.567     881.63  

154533261385   445.194     881.511     445.194     881.511 

154533269588   446.349     880.857     446.349     880.857 

154533277806   443.826     880.764     443.826     880.764 

154533286160   444.379     877.93      444.379     877.93  

154533294538   444.869     877.817     444.869     877.817 

154533302941   445.888     879.047     445.888     879.047 

154533311170   446.074     880.061     446.074     880.061 

154533319581   444.159     880.912     444.159     880.912 

154533327934   447.44      879.759     447.44      879.759 

154533336304   447.175     877.839     447.175     877.839 

154533344534   446.516     876.88      446.516     876.88  

154533352990   446.524     877.004     446.524     877.004 

154533361305   446.767     878.889     446.767     878.889 

154533369577   444.567     880.698     444.567     880.698 

154533377944   443.307     882.67      443.307     882.67  

154533386366   443.473     881.402     443.473     881.402 

154533394664   442.965     879.145     442.965     879.145 

154533402973   445.397     874.577     445.397     874.577 

154533411318   446.341     875.365     446.341     875.365 

154533419759   447.865     873.992     447.865     873.992 

154533428080   447.165     873.972     447.165     873.972 

154533436338   449.036     876.189     449.036     876.189 

154533444718   447.931     877.265     447.931     877.265 

154533453088   447.305     877.721     447.305     877.721 

154533461315   446.304     877.085     446.304     877.085 

154533469723   448.104     874.242     448.104     874.242 

154533478059   448.686     874.887     448.686     874.887 

154533486505   449.568     876.438     449.568     876.438 

154533494664   448.043     878.872     448.043     878.872 

154533503093   445.99      880.864     445.99      880.864 

154533511427   446.585     879.663     446.585     879.663 

154533519895   447.098     880.122     447.098     880.122 

154533528063   446.36      878.572     446.36      878.572 

154533536441   448.018     879.238     448.018     879.238 

154533544783   447.978     881.678     447.978     881.678 

154533553211   450.616     881.15      450.616     881.15  

154533561422   450.946     880.433     450.946     880.433 

154533569856   451.72      879.238     451.72      879.238 

154533578236   452.307     880.379     452.307     880.379 

154533586488   453.449     880.483     453.449     880.483 

154533594811   453.835     881.113     453.835     881.113 

154533603228   453.258     883.185     453.258     883.185 

154533611558   453.503     885.429     453.503     885.429 

154533619878   453.442     886.422     453.442     886.422 

154533628197   454.453     885.328     454.453     885.328 

154533636560   454.002     882.706     454.002     882.706 

154533644972   452.429     883.102     452.429     883.102 

154533653235   449.968     882.999     449.968     882.999 

154533661565   448.417     884.923     448.417     884.923 

154533669954   447.126     885.592     447.126     885.592 

154533678322   447.885     885.737     447.885     885.737 

154533686681   448.094     886.155     448.094     886.155 

154533694928   447.908     886.383     447.908     886.383 

154533703328   448.489     886.87      448.489     886.87  

154533711610   449.753     886.595     449.753     886.595 

154533719937   449.038     887.923     449.038     887.923 

154533728355   448.777     888.41      448.777     888.41  

154533736691   448.841     888.158     448.841     888.158 

154533744948   449.127     888.046     449.127     888.046 

154533753276   451.899     887.281     451.899     887.281 

154533761686   451.93      886.021     451.93      886.021 

154533770095   451.571     884.998     451.571     884.998 

154533778370   452.475     882.524     452.475     882.524 

154533786695   453.111     880.515     453.111     880.515 

154533795097   453.482     878.925     453.482     878.925 

154533803283   453.43      877.497     453.43      877.497 

154533811736   454.958     876.339     454.958     876.339 

154533820085   453.709     876.86      453.709     876.86  

154533828482   455.775     877.133     455.775     877.133 

154533836658   455.944     876.946     455.944     876.946 

154533845053   455.137     875.354     455.137     875.354 

154533853427   455.635     874.345     455.635     874.345 

154533861851   455.004     872.358     455.004     872.358 

154533870051   454.246     871.902     454.246     871.902 

154533878367   454.099     871.692     454.099     871.692 

154533886783   453.716     870.762     453.716     870.762 

154533895246   453.246     871.198     453.246     871.198 

154533903455   452.086     869.421     452.086     869.421 

154533911815   452.155     868.311     452.155     868.311 

154533920184   451.864     866.636     451.864     866.636 

154533928458   452.409     865.565     452.409     865.565 

154533936891   452.892     865.523     452.892     865.523 

154533945194   452.544     866.079     452.544     866.079 

154533953537   453.489     866.347     453.489     866.347 

154533961809   453.51      866.909     453.51      866.909 

154533970191   453.432     867.06      453.432     867.06  

154533978609   453.17      867.237     453.17      867.237 

154533986920   452.955     867.131     452.955     867.131 

154533995183   453.673     866.79      453.673     866.79  

154534003589   453.91      867.014     453.91      867.014 

154534011983   454.239     867.506     454.239     867.506 

154534020342   454.615     868.471     454.615     868.471 

154534028565   454.283     869.587     454.283     869.587 

154534036928   453.501     870.706     453.501     870.706 

154534045359   453.872     871.443     453.872     871.443 

154534053573   453.968     874.334     453.968     874.334 

154534061951   455.178     875.363     455.178     875.363 

154534070356   456.164     873.751     456.164     873.751 

154534078671   457.498     874.032     457.498     874.032 

154534086979   458.176     873.973     458.176     873.973 

154534095347   458.013     876.648     458.013     876.648 

154534103755   456.902     877.769     456.902     877.769 

154534112085   457.446     878.632     457.446     878.632 

154534120297   457.243     879.232     457.243     879.232 

154534128669   457.818     878.577     457.818     878.577 

154534137108   459.199     877.833     459.199     877.833 

154534145482   460.868     875.791     460.868     875.791 

154534153699   460.255     875.852     460.255     875.852 

154534162079   458.278     877.83      458.278     877.83  

154534170413   458.546     880.398     458.546     880.398 

154534178702   458.662     880.37      458.662     880.37  

154534187069   455.998     880.449     455.998     880.449 

154534195459   457.229     881.008     457.229     881.008 

154534203849   456.836     880.82      456.836     880.82  

154534212088   457.76      880.226     457.76      880.226 

154534220416   457.804     881.108     457.804     881.108 

154534228817   457.571     879.231     457.571     879.231 

154534237210   456.716     879.699     456.716     879.699 

154534245428   456.815     880.369     456.815     880.369 

154534253863   501.454     843.727     501.454     843.727 

154534262160   630.478     710.36      630.478     710.36  

154534270444   682.655     658.46      682.655     658.46  

154534278805   752.749     625.054     752.749     625.054 

