timeStamp      GazeRX  GazeRY  GazeLX  GazeLY  

start time: 154452007103
154452007103   1362.109    524.788     1362.109    524.788 

154452015561   1365.058    526.086     1365.058    526.086 

154452023901   1370.99     524.823     1370.99     524.823 

154452032175   1364.968    522.239     1364.968    522.239 

154452040538   1360.959    520.114     1360.959    520.114 

154452048946   1361.888    519.35      1361.888    519.35  

154452057278   1363.455    520.478     1363.455    520.478 

154452065554   1366.021    517.901     1366.021    517.901 

154452073906   1368.769    518.06      1368.769    518.06  

154452082323   1373.861    517.694     1373.861    517.694 

154452090544   1380.665    517.936     1380.665    517.936 

154452098894   1366.484    517.818     1366.484    517.818 

154452107293   1371.291    518.997     1371.291    518.997 

154452115631   1368.684    519.544     1368.684    519.544 

154452123854   1370.71     521.876     1370.71     521.876 

154452140636   1373.804    525.726     1373.804    525.726 

154452149002   1375.301    523.201     1375.301    523.201 

154452157218   1372.342    522.53      1372.342    522.53  

154452165628   1372.922    519.035     1372.922    519.035 

154452173992   1372.009    516.821     1372.009    516.821 

154452182229   1371.149    516.781     1371.149    516.781 

154452190620   1376.202    516.702     1376.202    516.702 

154452198964   1377.039    516.366     1377.039    516.366 

154452207453   1380.009    515.26      1380.009    515.26  

154452215694   1375.158    517.128     1375.158    517.128 

154452223998   1375.002    518.932     1375.002    518.932 

154452240762   1371.702    523.39      1371.702    523.39  

154452248998   1374.256    524.159     1374.256    524.159 

154452257494   1376.623    523.568     1376.623    523.568 

154452265738   1380.961    523.879     1380.961    523.879 

154452274097   1386.412    521.435     1386.412    521.435 

154452282333   1382.898    519.672     1382.898    519.672 

154452290721   1387.56     519.789     1387.56     519.789 

154452299170   1379.3      520.37      1379.3      520.37  

154452307466   1375.088    519.214     1375.088    519.214 

154452315785   1376.864    518.163     1376.864    518.163 

154452324130   1382.017    517.594     1382.017    517.594 

154452332648   1385.526    515.48      1385.526    515.48  

154452340794   1386.397    513.919     1386.397    513.919 

154452349140   1386.607    510.669     1386.607    510.669 

154452357564   1386.461    509.083     1386.461    509.083 

154452365757   1383.785    510.034     1383.785    510.034 

154452374149   1379.749    508.905     1379.749    508.905 

154452382556   1378.031    503.897     1378.031    503.897 

154452390770   1382.147    504.982     1382.147    504.982 

154452399285   1388.054    502.217     1388.054    502.217 

154452407536   1388.258    501.724     1388.258    501.724 

154452415910   1387.592    499.99      1387.592    499.99  

154452424277   1381.78     497.844     1381.78     497.844 

154452432495   1387.842    495.421     1387.842    495.421 

154452440964   1382.927    495.585     1382.927    495.585 

154452449289   1386.122    495.174     1386.122    495.174 

154452457688   1387.751    494.903     1387.751    494.903 

154452465908   1386.857    494.044     1386.857    494.044 

154452474263   1386.511    492.914     1386.511    492.914 

154452482686   1386.598    492.172     1386.598    492.172 

154452490990   1383.822    492.513     1383.822    492.513 

154452499258   1384.023    493.559     1384.023    493.559 

154452507690   1384.928    493.785     1384.928    493.785 

154452515977   1387.018    494.728     1387.018    494.728 

154452524350   1387.451    496.4       1387.451    496.4   

154452532662   1387.464    499.542     1387.464    499.542 

154452541042   1386.027    503.746     1386.027    503.746 

154452549390   1385.927    507.471     1385.927    507.471 

154452557665   1386.995    510.945     1386.995    510.945 

154452566053   1388.353    511.239     1388.353    511.239 

154452574444   1386.76     513.654     1386.76     513.654 

154452582790   1383.651    515.452     1383.651    515.452 

154452591021   1387.487    515.923     1387.487    515.923 

154452599391   1385.008    517.658     1385.008    517.658 

154452607813   1386.751    518.95      1386.751    518.95  

154452616182   1386.764    519.584     1386.764    519.584 

154452624413   1386.774    519.11      1386.774    519.11  

154452632749   1389.959    516.428     1389.959    516.428 

154452641166   1388.692    509.14      1388.692    509.14  

154452649427   1387.754    507.809     1387.754    507.809 

154452657785   1387.533    510.038     1387.533    510.038 

154452666187   1390.06     507.83      1390.06     507.83  

154452674504   1393.436    502.069     1393.436    502.069 

154452682759   1395.918    505.104     1395.918    505.104 

154452691134   1396.934    497.229     1396.934    497.229 

154452699495   1391.801    498.567     1391.801    498.567 

154452707911   1391.562    498.202     1391.562    498.202 

154452716145   1392.04     497.473     1392.04     497.473 

154452724557   1394.288    497.685     1394.288    497.685 

154452732875   1396.663    499.575     1396.663    499.575 

154452741349   1397.193    501.186     1397.193    501.186 

154452749540   1400.793    502.262     1400.793    502.262 

154452757895   1397.438    499.984     1397.438    499.984 

154452766269   1390.629    502.394     1390.629    502.394 

154452774522   1389.177    503.323     1389.177    503.323 

154452782906   1392.344    506.061     1392.344    506.061 

154452791261   1391.932    506.597     1391.932    506.597 

154452799658   1397.36     508.962     1397.36     508.962 

154452807880   1397.552    507.438     1397.552    507.438 

154452816249   1397.499    507.148     1397.499    507.148 

154452824641   1399.011    506.351     1399.011    506.351 

154452833013   1398.775    504.975     1398.775    504.975 

154452841264   1393.088    503.19      1393.088    503.19  

154452849672   1388.915    504.266     1388.915    504.266 

154452857979   1392.422    506.725     1392.422    506.725 

154452866408   1392.638    509.001     1392.638    509.001 

154452874638   1393.151    507.613     1393.151    507.613 

154452883026   1392.894    510.454     1392.894    510.454 

154452891361   1391.152    507.134     1391.152    507.134 

154452899650   1387.785    508.777     1387.785    508.777 

154452907989   1384.716    509.202     1384.716    509.202 

154452916470   1384.285    510.021     1384.285    510.021 

154452924744   1381.939    506.484     1381.939    506.484 

154452933008   1383.327    508.264     1383.327    508.264 

154452941340   1383.108    506.047     1383.108    506.047 

154452949783   1382.879    505.014     1382.879    505.014 

154452958117   1383.234    502.19      1383.234    502.19  

154452966421   1383.508    500.869     1383.508    500.869 

154452974762   1382.539    499.575     1382.539    499.575 

154452983236   1386.202    498.187     1386.202    498.187 

154452991372   1396.683    496.743     1396.683    496.743 

154452999796   1402.643    496.148     1402.643    496.148 

154453008151   1396.784    497.297     1396.784    497.297 

154453016540   1397.736    499.721     1397.736    499.721 

154453024886   1395.572    500.013     1395.572    500.013 

154453033151   1397.728    501.703     1397.728    501.703 

154453041496   1395.576    500.836     1395.576    500.836 

154453049912   1398.882    501.355     1398.882    501.355 

154453058132   1404.019    502.835     1404.019    502.835 

154453066535   1399.511    501.789     1399.511    501.789 

154453074851   1395.151    501.957     1395.151    501.957 

154453083289   1394.472    503.825     1394.472    503.825 

154453091490   1393.149    502.933     1393.149    502.933 

154453099910   1394.322    500.299     1394.322    500.299 

