timeStamp      action  positionX     positionY     

start time: 154392087528

154392187278   move    824.00        523.00        

154392187339   move    824.00        525.00        

154392187543   move    822.00        525.00        

154392187746   move    821.00        525.00        

154392187941   move    819.00        525.00        

154392195824   move    818.00        526.00        

154392196017   move    816.00        526.00        

154392196128   move    815.00        526.00        

154392196318   move    813.00        526.00        

154392196529   move    812.00        526.00        

154392203995   move    810.00        526.00        

154392204084   move    810.00        528.00        

154392204173   move    809.00        528.00        

154392204385   move    807.00        528.00        

154392204624   move    806.00        528.00        

154392204688   move    804.00        528.00        

154392204785   move    803.00        528.00        

154392204883   move    801.00        528.00        

154392212298   move    800.00        528.00        

154392212385   move    798.00        528.00        

154392212585   move    797.00        528.00        

154392212683   move    795.00        528.00        

154392212778   move    794.00        529.00        

154392212876   move    792.00        529.00        

154392220828   move    788.00        529.00        

154392220901   move    786.00        529.00        

154392220983   move    785.00        529.00        

154392221112   move    783.00        529.00        

154392221192   move    782.00        529.00        

154392221287   move    779.00        529.00        

154392221405   move    777.00        529.00        

154392221444   move    789.00        529.00        

154392229014   move    776.00        529.00        

154392229115   move    774.00        529.00        

154392229322   move    771.00        529.00        

154392229416   move    770.00        529.00        

154392229536   move    768.00        529.00        

154392229619   move    765.00        529.00        

154392229716   move    764.00        529.00        

154392237307   move    761.00        529.00        

154392237411   move    759.00        529.00        

154392237504   move    756.00        529.00        

154392237612   move    755.00        529.00        

154392237712   move    752.00        529.00        

154392237813   move    750.00        529.00        

154392237910   move    747.00        529.00        

154392238103   move    743.00        529.00        

154392245737   move    741.00        529.00        

154392245835   move    738.00        529.00        

154392245937   move    735.00        529.00        

154392246031   move    734.00        529.00        

154392246140   move    731.00        529.00        

154392246242   move    728.00        529.00        

154392246335   move    725.00        529.00        

154392246458   move    723.00        529.00        

154392254160   move    720.00        529.00        

154392254268   move    717.00        529.00        

154392254467   move    716.00        529.00        

154392254573   move    713.00        529.00        

154392254664   move    710.00        529.00        

154392254759   move    707.00        529.00        

154392254866   move    704.00        529.00        

154392262281   move    702.00        529.00        

154392262383   move    699.00        529.00        

154392262481   move    696.00        529.00        

154392262581   move    693.00        529.00        

154392262683   move    690.00        529.00        

154392262783   move    689.00        529.00        

154392262910   move    686.00        529.00        

154392262978   move    683.00        529.00        

154392263083   move    680.00        529.00        

154392270694   move    677.00        529.00        

154392270809   move    674.00        529.00        

154392270895   move    671.00        529.00        

154392270983   move    668.00        529.00        

154392271096   move    666.00        529.00        

154392271202   move    663.00        529.00        

154392271287   move    660.00        529.00        

154392271407   move    657.00        529.00        

154392279103   move    654.00        529.00        

154392279310   move    651.00        529.00        

154392279408   move    648.00        529.00        

154392279509   move    647.00        529.00        

154392279629   move    642.00        529.00        

154392279721   move    641.00        529.00        

154392279816   move    638.00        529.00        

154392287436   move    636.00        529.00        

154392287531   move    633.00        529.00        

154392287624   move    630.00        529.00        

154392287728   move    627.00        529.00        

154392287828   move    624.00        529.00        

154392287916   move    621.00        529.00        

154392288029   move    618.00        529.00        

154392288127   move    617.00        529.00        

154392288228   move    614.00        529.00        

154392295727   move    611.00        529.00        

154392295826   move    608.00        529.00        

154392295925   move    605.00        529.00        

154392296013   move    602.00        529.00        

154392296130   move    599.00        529.00        

154392296225   move    597.00        529.00        

154392296315   move    594.00        529.00        

154392296426   move    591.00        529.00        

154392304073   move    588.00        529.00        

154392304274   move    585.00        529.00        

154392304373   move    584.00        529.00        

154392304473   move    581.00        529.00        

154392304573   move    578.00        529.00        

154392304673   move    575.00        529.00        

154392304770   move    573.00        529.00        

154392304870   move    570.00        529.00        

154392304969   move    567.00        529.00        

154392312510   move    563.00        529.00        

154392312562   move    560.00        529.00        

154392312614   move    558.00        529.00        

154392312737   move    555.00        529.00        

154392312830   move    554.00        529.00        

154392312922   move    551.00        529.00        

154392313448   move    566.00        529.00        

154392320751   move    548.00        529.00        

154392320844   move    546.00        529.00        

154392320945   move    543.00        529.00        

154392321052   move    542.00        529.00        

154392321149   move    539.00        529.00        

154392321248   move    537.00        529.00        

154392321332   move    536.00        529.00        

154392329071   move    533.00        529.00        

154392329170   move    531.00        529.00        

154392329270   move    528.00        529.00        

154392329379   move    527.00        529.00        

154392329475   move    525.00        529.00        

154392329574   move    522.00        529.00        

154392329668   move    521.00        529.00        

154392329766   move    519.00        529.00        

154392337399   move    518.00        529.00        

154392337499   move    516.00        529.00        

154392337605   move    513.00        529.00        

154392337702   move    512.00        529.00        

154392337808   move    510.00        529.00        

154392337889   move    509.00        529.00        

154392338002   move    507.00        529.00        

154392338094   move    506.00        529.00        

154392338199   move    504.00        529.00        

154392345865   move    503.00        529.00        

154392345965   move    501.00        529.00        

154392346165   move    498.00        529.00        

154392346291   move    497.00        529.00        

154392346466   move    495.00        531.00        

154392354091   move    494.00        531.00        

154392354181   move    492.00        531.00        

154392354290   move    491.00        531.00        

154392354496   move    489.00        531.00        

154392354591   move    488.00        531.00        

154392354787   move    486.00        532.00        

154392362580   move    485.00        532.00        

154392362604   move    483.00        532.00        

154392362848   move    482.00        532.00        

154392363099   move    480.00        534.00        

154392370909   move    479.00        534.00        

154392371183   move    477.00        534.00        

154392371588   move    476.00        534.00        

154392379247   move    476.00        535.00        

154392379649   move    474.00        535.00        

154392387535   move    473.00        535.00        

154392396301   move    473.00        537.00        

154392454838   move    471.00        536.00        

154392455071   move    471.00        537.00        

154392471549   move    470.00        536.00        

154392471638   move    470.00        534.00        

154392479734   move    468.00        534.00        

154392487865   move    467.00        534.00        

154392487965   move    467.00        533.00        

154392488373   move    465.00        533.00        

154392496258   move    464.00        533.00        

154392504403   move    462.00        533.00        

154392504667   move    461.00        531.00        

154392505063   move    459.00        531.00        

154392512766   move    458.00        531.00        

154392513105   move    456.00        531.00        

154392513363   move    455.00        531.00        

154392513660   move    453.00        531.00        

154392514104   move    452.00        531.00        

154392529276   move    450.00        531.00        

154392529550   move    449.00        530.00        

154392529850   move    447.00        530.00        

154392530057   move    446.00        530.00        

154392538034   move    444.00        530.00        

154392538272   move    443.00        530.00        

154392545978   move    441.00        530.00        

154392546396   move    440.00        530.00        

154392546585   move    438.00        530.00        

154392554404   move    437.00        530.00        

154392554737   move    435.00        530.00        

154392554926   move    434.00        530.00        

154392562607   move    432.00        530.00        

154392562917   move    431.00        530.00        

154392563101   move    429.00        530.00        

154392563401   move    428.00        530.00        

154392571116   move    426.00        530.00        

154392571447   move    425.00        530.00        

154392571732   move    423.00        530.00        

154392579486   move    422.00        530.00        

154392579757   move    420.00        530.00        

154392579856   move    420.00        528.00        

154392579955   move    419.00        528.00        

154392587958   move    416.00        528.00        

154392588158   move    414.00        528.00        

154392588462   move    413.00        528.00        

154392588682   move    417.00        528.00        

154392596289   move    411.00        528.00        

154392596616   move    410.00        528.00        

154392604285   move    408.00        528.00        

154392604485   move    407.00        528.00        

154392604780   move    405.00        528.00        

154392605108   move    404.00        528.00        

154392612955   move    402.00        528.00        

154392613285   move    401.00        528.00        

154392613550   move    399.00        528.00        

154392621277   move    398.00        528.00        

154392621569   move    396.00        528.00        

154392629525   move    395.00        528.00        

154392629851   move    393.00        528.00        

154392630122   move    392.00        528.00        

154392637805   move    390.00        528.00        

154392638221   move    389.00        528.00        

154392646206   move    387.00        528.00        

154392646494   move    386.00        528.00        

154392646695   move    386.00        527.00        

154392646803   move    384.00        527.00        

154392654755   move    383.00        527.00        

154392655061   move    381.00        527.00        

154392662794   move    380.00        527.00        

154392663195   move    378.00        527.00        

154392663495   move    377.00        527.00        

154392671512   move    375.00        527.00        

154392671823   move    374.00        527.00        

154392679710   move    372.00        527.00        

154392680090   move    371.00        527.00        

154392688065   move    369.00        527.00        

154392688452   move    368.00        527.00        

154392696418   move    366.00        527.00        

154392704438   move    365.00        527.00        

