timeStamp      GazeRX  GazeRY  GazeLX  GazeLY  

start time: 27290420960
27290420960    826.431     509.208     826.431     509.208 

27290429169    825.058     505.553     825.058     505.553 

27290437557    824.548     500.038     824.548     500.038 

27290445965    825.039     500.103     825.039     500.103 

27290454280    821.513     497.798     821.513     497.798 

27290462530    825.45      496.017     825.45      496.017 

27290470923    822.354     492.674     822.354     492.674 

27290479283    818.04      492.88      818.04      492.88  

27290487703    821.487     490.291     821.487     490.291 

27290495920    825.322     487.566     825.322     487.566 

27290504225    820.679     485.565     820.679     485.565 

27290512678    822.14      481.293     822.14      481.293 

27290520934    817.199     480.707     817.199     480.707 

27290529304    820.233     482.792     820.233     482.792 

27290537664    820.739     482.326     820.739     482.326 

27290554231    824.261     480.059     824.261     480.059 

27290562685    822.397     479.449     822.397     479.449 

27290571038    824.678     478.693     824.678     478.693 

27290579396    825.71      477.523     825.71      477.523 

27290587635    824.382     477.034     824.382     477.034 

27290596013    819.545     477.363     819.545     477.363 

27290604428    820.348     475.631     820.348     475.631 

27290612704    823.22      478.719     823.22      478.719 

27290621000    823.307     479.049     823.307     479.049 

27290629445    825.452     477.074     825.452     477.074 

27290637778    854.388     473.143     854.388     473.143 

27290645997    932.347     380.391     932.347     380.391 

27290654434    1012.786    298.457     1012.786    298.457 

27290662743    1148.406    251.145     1148.406    251.145 

27290671145    1171.694    182.345     1171.694    182.345 

27290679449    1188.845    179.465     1188.845    179.465 

27290687840    1213.217    171.501     1213.217    171.501 

27290696134    1191.577    165.235     1191.577    165.235 

27290712748    1210.352    146.888     1210.352    146.888 

27290721163    1212.447    136.394     1212.447    136.394 

27290729626    1204.031    127.112     1204.031    127.112 

27290737880    1207.188    116.785     1207.188    116.785 

27290746151    1196.093    104.185     1196.093    104.185 

27290754554    1198.283    107.822     1198.283    107.822 

27290762931    1198.455    117.561     1198.455    117.561 

27290771175    1194.133    132.197     1194.133    132.197 

27290779494    1196.458    119.442     1196.458    119.442 

27290787902    1199.935    140.029     1199.935    140.029 

27290796317    1195.736    122.129     1195.736    122.129 

27290804532    1199.565    138.232     1199.565    138.232 

27290821324    1194.366    162.438     1194.366    162.438 

27290829643    1185.157    149.879     1185.157    149.879 

27290837966    1192.503    145.537     1192.503    145.537 

27290846246    1188.043    140.046     1188.043    140.046 

27290854659    1188.377    143.19      1188.377    143.19  

27290863039    1179.876    140.538     1179.876    140.538 

27290871268    1175.817    134.775     1175.817    134.775 

27290879651    1177.788    129.385     1177.788    129.385 

27290888083    1185.679    128.687     1185.679    128.687 

27290896312    1180.58     124.583     1180.58     124.583 

27290904661    1181.123    125.007     1181.123    125.007 

27290913021    1180.546    121.472     1180.546    121.472 

27290921456    1185.514    120.52      1185.514    120.52  

27290929661    1179.692    121.496     1179.692    121.496 

27290938066    1176.245    123.796     1176.245    123.796 

27290946450    1187.351    121.705     1187.351    121.705 

27290954838    1185.171    119.141     1185.171    119.141 

27290963071    1183.851    118.07      1183.851    118.07  

27290971428    1190.464    118.53      1190.464    118.53  

27290979796    1191.006    120.827     1191.006    120.827 

27290988016    1180.245    115.42      1180.245    115.42  

27290996420    1177.197    116.273     1177.197    116.273 

27291004825    1189.668    117.789     1189.668    117.789 

27291013190    1183.174    116.33      1183.174    116.33  

27291021435    1180.5      110.273     1180.5      110.273 

27291029774    1192.834    113.223     1192.834    113.223 

27291038110    1177.749    111.93      1177.749    111.93  

27291046599    1188.571    107.686     1188.571    107.686 

27291054801    1188.69     112.83      1188.69     112.83  

27291063196    1179.644    113.794     1179.644    113.794 

27291071562    1188.621    115.105     1188.621    115.105 

27291079967    1182.34     116.606     1182.34     116.606 

27291088179    1180.163    121.735     1180.163    121.735 

27291096522    1175.604    121.142     1175.604    121.142 

27291104945    1174.242    127.583     1174.242    127.583 

27291113181    1176.311    121.554     1176.311    121.554 

27291121547    1185.319    125.707     1185.319    125.707 

27291129922    1187.248    122.941     1187.248    122.941 

27291138326    1178.048    130.639     1178.048    130.639 

27291146552    1175.953    126.422     1175.953    126.422 

27291154921    1182.023    133.382     1182.023    133.382 

27291163267    1179.669    132.635     1179.669    132.635 

27291171702    1181.607    134.531     1181.607    134.531 

27291179903    1181.284    138.762     1181.284    138.762 

27291188305    1183.728    133.868     1183.728    133.868 

27291196682    1185.739    132.38      1185.739    132.38  

27291205044    1181.967    136.189     1181.967    136.189 

27291213322    1184.867    136.281     1184.867    136.281 

27291221693    1181.543    140.22      1181.543    140.22  

27291230060    1185.02     134.466     1185.02     134.466 

27291238308    1183.323    137.386     1183.323    137.386 

27291246640    1187.964    138.362     1187.964    138.362 

27291255043    1183.9      137.599     1183.9      137.599 

27291263436    1178.841    135.724     1178.841    135.724 

27291271685    1181.284    136.812     1181.284    136.812 

27291280057    1188.963    140.354     1188.963    140.354 

27291288423    1192.656    141.594     1192.656    141.594 

27291296809    1189.45     138.625     1189.45     138.625 

27291305063    1170.905    138.516     1170.905    138.516 

27291313433    1173.767    132.638     1173.767    132.638 

27291330088    1192.741    133.957     1192.741    133.957 

27291338459    1196.109    132.09      1196.109    132.09  

27291346800    1176.032    131.227     1176.032    131.227 

27291355176    1196.601    125.365     1196.601    125.365 

27291363446    1183.838    120.25      1183.838    120.25  

27291371781    1196.17     123.548     1196.17     123.548 

27291380182    1175.676    120.355     1175.676    120.355 

27291388544    1187.082    115.643     1187.082    115.643 

27291396821    1196.59     114.134     1196.59     114.134 

27291405111    1185.82     113.173     1185.82     113.173 

27291413572    1190.036    113.019     1190.036    113.019 

27291421936    1179.649    113.622     1179.649    113.622 

