timeStamp      action  positionX     positionY     

start time: 27102792422

27102858888    move    842.00        541.00        

27102858985    move    843.00        542.00        

27102859191    move    843.00        544.00        

27102866841    move    845.00        547.00        

27102866922    move    846.00        548.00        

27102867020    move    846.00        550.00        

27102867216    move    848.00        551.00        

27102867318    move    848.00        553.00        

27102867399    move    849.00        554.00        

27102867620    move    845.00        545.00        

27102875131    move    849.00        556.00        

27102875198    move    851.00        557.00        

27102875297    move    851.00        559.00        

27102875397    move    852.00        560.00        

27102875498    move    854.00        562.00        

27102875587    move    854.00        563.00        

27102875700    move    855.00        565.00        

27102875795    move    855.00        566.00        

27102875895    move    857.00        568.00        

27102883422    move    858.00        569.00        

27102883524    move    860.00        571.00        

27102883723    move    861.00        572.00        

27102883822    move    861.00        575.00        

27102883923    move    863.00        577.00        

27102884014    move    864.00        578.00        

27102884126    move    866.00        580.00        

27102891783    move    867.00        581.00        

27102891880    move    869.00        583.00        

27102891980    move    869.00        586.00        

27102892075    move    870.00        587.00        

27102892175    move    872.00        589.00        

27102892275    move    873.00        590.00        

27102892376    move    875.00        593.00        

27102892478    move    876.00        595.00        

27102900110    move    879.00        596.00        

27102900204    move    881.00        599.00        

27102900303    move    882.00        601.00        

27102900403    move    884.00        604.00        

27102900503    move    885.00        605.00        

27102900591    move    888.00        608.00        

27102900704    move    890.00        610.00        

27102900800    move    893.00        613.00        

27102900898    move    894.00        614.00        

27102900997    move    896.00        617.00        

27102901097    move    899.00        619.00        

27102908587    move    900.00        622.00        

27102908699    move    905.00        625.00        

27102908800    move    909.00        629.00        

27102908878    move    912.00        632.00        

27102908996    move    917.00        637.00        

27102916894    move    920.00        640.00        

27102916989    move    924.00        644.00        

27102917087    move    929.00        649.00        

27102917186    move    933.00        652.00        

27102917286    move    938.00        655.00        

27102917386    move    941.00        658.00        

27102917489    move    945.00        661.00        

27102917579    move    950.00        665.00        

27102925121    move    953.00        667.00        

27102925217    move    957.00        671.00        

27102925315    move    960.00        673.00        

27102925415    move    965.00        676.00        

27102925514    move    968.00        679.00        

27102925609    move    972.00        682.00        

27102925719    move    977.00        685.00        

27102925812    move    980.00        686.00        

27102925914    move    983.00        689.00        

27102933575    move    987.00        692.00        

27102933779    move    990.00        694.00        

27102933885    move    993.00        697.00        

27102933988    move    996.00        698.00        

27102934083    move    1001.00       701.00        

27102934166    move    1002.00       703.00        

27102934292    move    1007.00       706.00        

27102941769    move    1011.00       709.00        

27102941851    move    1014.00       710.00        

27102941965    move    1017.00       713.00        

27102942064    move    1020.00       715.00        

27102942165    move    1025.00       718.00        

27102942267    move    1028.00       719.00        

27102942353    move    1031.00       721.00        

27102942461    move    1035.00       724.00        

27102950255    move    1041.00       728.00        

27102950281    move    1046.00       730.00        

27102950383    move    1047.00       731.00        

27102950483    move    1052.00       734.00        

27102950569    move    1055.00       736.00        

27102950883    move    1061.00       740.00        

27102951002    move    1038.00       725.00        

27102958589    move    1064.00       742.00        

27102958685    move    1067.00       743.00        

27102958782    move    1070.00       745.00        

27102958885    move    1073.00       746.00        

27102958982    move    1077.00       749.00        

27102959081    move    1079.00       749.00        

27102959183    move    1082.00       752.00        

27102959280    move    1085.00       754.00        

27102966913    move    1088.00       755.00        

27102966986    move    1091.00       757.00        

27102967104    move    1094.00       758.00        

27102967201    move    1095.00       760.00        

27102967303    move    1098.00       760.00        

27102967403    move    1101.00       761.00        

27102967492    move    1103.00       763.00        

27102967598    move    1106.00       764.00        

27102975176    move    1109.00       766.00        

27102975270    move    1110.00       767.00        

27102975372    move    1113.00       769.00        

27102975473    move    1115.00       769.00        

27102975573    move    1118.00       770.00        

27102975676    move    1121.00       772.00        

27102975776    move    1122.00       773.00        

27102975871    move    1124.00       775.00        

27102975974    move    1127.00       775.00        

27102983567    move    1128.00       776.00        

27102983776    move    1130.00       778.00        

27102983876    move    1131.00       778.00        

27102983975    move    1133.00       779.00        

27102984073    move    1134.00       781.00        

27102984178    move    1136.00       781.00        

27102984286    move    1137.00       782.00        

27102991992    move    1140.00       784.00        

27102992155    move    1142.00       785.00        

27102992253    move    1143.00       785.00        

27102992351    move    1145.00       787.00        

27102992559    move    1146.00       788.00        

27102992745    move    1139.00       782.00        

27103000276    move    1148.00       788.00        

27103000372    move    1148.00       790.00        

27103000472    move    1149.00       790.00        

27103000672    move    1149.00       791.00        

27103000868    move    1151.00       791.00        

27103000974    move    1151.00       793.00        

27103008704    move    1152.00       793.00        

27103008822    move    1152.00       794.00        

27103017085    move    1154.00       796.00        

27103017529    move    1154.00       797.00        

27103025440    move    1154.00       799.00        

27103025539    move    1155.00       799.00        

27103025843    move    1155.00       800.00        

27103033851    move    1155.00       802.00        

27103034366    move    1155.00       803.00        

27103042029    move    1157.00       803.00        

27103042239    move    1157.00       805.00        

27103042657    move    1157.00       806.00        

27103050667    move    1158.00       808.00        

27103058730    move    1158.00       809.00        

27103059099    move    1158.00       811.00        

27103059291    move    1160.00       811.00        

27103067003    move    1160.00       812.00        

27103067412    move    1160.00       814.00        

27103067609    move    1161.00       814.00        

27103075489    move    1161.00       815.00        

27103083668    move    1161.00       817.00        

27103083837    move    1163.00       817.00        

27103084277    move    1163.00       818.00        

27103092463    move    1163.00       820.00        

27103100566    move    1163.00       821.00        

27103101249    move    1163.00       823.00        

27103101848    move    1163.00       824.00        

27103117754    move    1163.00       826.00        

27103125711    move    1164.00       826.00        

27103125847    move    1164.00       827.00        

27103133917    move    1164.00       829.00        

27103134426    move    1164.00       830.00        

27103142119    move    1166.00       830.00        

27103142332    move    1166.00       832.00        

27103142730    move    1167.00       833.00        

27103150691    move    1167.00       835.00        

27103150996    move    1169.00       835.00        

27103151067    move    1169.00       836.00        

27103158799    move    1170.00       838.00        

27103159105    move    1172.00       838.00        

27103159212    move    1172.00       839.00        

27103167079    move    1173.00       841.00        

27103167490    move    1175.00       842.00        

27103167677    move    1176.00       844.00        

27103175424    move    1176.00       845.00        

27103175523    move    1178.00       845.00        

27103175703    move    1178.00       847.00        

27103176045    move    1179.00       847.00        

27103183871    move    1179.00       848.00        

27103184053    move    1181.00       848.00        

27103184243    move    1181.00       850.00        

27103184541    move    1182.00       850.00        

27103192087    move    1182.00       851.00        

27103192614    move    1184.00       851.00        

27103192680    move    1184.00       853.00        

27103201030    move    1184.00       854.00        

27103209492    move    1184.00       856.00        

27103225869    move    1184.00       857.00        

