timeStamp      action  positionX     positionY     

start time: 113388344781

113388428477   move    831.00        508.00        

113388428775   move    831.00        507.00        

113388428887   move    829.00        507.00        

113388436652   move    829.00        505.00        

113388436748   move    828.00        505.00        

113388436835   move    828.00        504.00        

113388437148   move    826.00        502.00        

113388437347   move    826.00        501.00        

113388444951   move    825.00        501.00        

113388445049   move    825.00        499.00        

113388445250   move    823.00        498.00        

113388453207   move    823.00        496.00        

113388453403   move    822.00        495.00        

113388453601   move    822.00        493.00        

113388453701   move    820.00        493.00        

113388453788   move    820.00        492.00        

113388453901   move    819.00        490.00        

113388461621   move    819.00        489.00        

113388461721   move    817.00        489.00        

113388461832   move    817.00        487.00        

113388461919   move    816.00        486.00        

113388462131   move    816.00        484.00        

113388462231   move    814.00        483.00        

113388469963   move    814.00        481.00        

113388470161   move    813.00        480.00        

113388470361   move    811.00        478.00        

113388470460   move    811.00        477.00        

113388470561   move    810.00        477.00        

113388470661   move    810.00        475.00        

113388478181   move    810.00        474.00        

113388478292   move    808.00        472.00        

113388478392   move    807.00        471.00        

113388478592   move    807.00        469.00        

113388478692   move    805.00        468.00        

113388478780   move    805.00        466.00        

113388478894   move    804.00        466.00        

113388486612   move    802.00        463.00        

113388486652   move    802.00        462.00        

113388486752   move    801.00        460.00        

113388486952   move    799.00        459.00        

113388487051   move    799.00        457.00        

113388487151   move    798.00        456.00        

113388487251   move    798.00        454.00        

113388487371   move    804.00        465.00        

113388494958   move    796.00        453.00        

113388495160   move    795.00        453.00        

113388495258   move    795.00        451.00        

113388495357   move    793.00        450.00        

113388495456   move    792.00        447.00        

113388495557   move    792.00        445.00        

113388495657   move    790.00        444.00        

113388503296   move    790.00        442.00        

113388503407   move    789.00        441.00        

113388503506   move    789.00        439.00        

113388503594   move    787.00        438.00        

113388503706   move    786.00        436.00        

113388503806   move    786.00        435.00        

113388503894   move    784.00        433.00        

113388504007   move    784.00        432.00        

113388511531   move    783.00        430.00        

113388511630   move    781.00        429.00        

113388511729   move    781.00        427.00        

113388511829   move    780.00        426.00        

113388511929   move    778.00        424.00        

113388512029   move    778.00        423.00        

113388512129   move    777.00        421.00        

113388512229   move    775.00        418.00        

113388519873   move    775.00        417.00        

113388519966   move    774.00        414.00        

113388520164   move    772.00        412.00        

113388520265   move    772.00        411.00        

113388520365   move    771.00        409.00        

113388520452   move    769.00        408.00        

113388520565   move    769.00        405.00        

113388520665   move    768.00        403.00        

113388528419   move    765.00        397.00        

113388528506   move    763.00        396.00        

113388528618   move    763.00        394.00        

113388528718   move    762.00        391.00        

113388528818   move    760.00        390.00        

113388528918   move    760.00        388.00        

113388529130   move    766.00        402.00        

113388536664   move    759.00        387.00        

113388536746   move    757.00        384.00        

113388536845   move    756.00        382.00        

113388536944   move    754.00        379.00        

113388537044   move    754.00        378.00        

113388537144   move    753.00        376.00        

113388537244   move    751.00        373.00        

113388537345   move    751.00        372.00        

113388537544   move    750.00        370.00        

113388537645   move    748.00        369.00        

113388537740   move    747.00        367.00        

113388537846   move    747.00        364.00        

113388537945   move    745.00        363.00        

113388538032   move    744.00        361.00        

113388538145   move    742.00        360.00        

113388538246   move    742.00        358.00        

113388553297   move    741.00        355.00        

113388553408   move    739.00        354.00        

113388553507   move    739.00        352.00        

113388553608   move    738.00        351.00        

113388553708   move    736.00        349.00        

113388553807   move    735.00        348.00        

113388553907   move    733.00        345.00        

113388554007   move    733.00        343.00        

113388561641   move    732.00        342.00        

113388561724   move    730.00        340.00        

113388561824   move    729.00        339.00        

113388561938   move    729.00        337.00        

113388562037   move    727.00        336.00        

113388562137   move    726.00        334.00        

113388562237   move    726.00        333.00        

113388562337   move    724.00        331.00        

113388569985   move    723.00        331.00        

113388570092   move    723.00        330.00        

113388570169   move    721.00        328.00        

113388570282   move    720.00        327.00        

113388570382   move    720.00        325.00        

113388570469   move    718.00        324.00        

113388570583   move    717.00        322.00        

113388578320   move    715.00        321.00        

113388578418   move    714.00        319.00        

113388578518   move    712.00        318.00        

113388578618   move    712.00        316.00        

113388578718   move    711.00        315.00        

113388578918   move    709.00        313.00        

113388579019   move    708.00        312.00        

113388586738   move    706.00        310.00        

113388586837   move    706.00        309.00        

113388586937   move    705.00        309.00        

113388587036   move    703.00        307.00        

113388587123   move    703.00        306.00        

113388587236   move    702.00        306.00        

113388587337   move    702.00        304.00        

113388595076   move    700.00        304.00        

113388595175   move    699.00        303.00        

113388595261   move    699.00        301.00        

113388595375   move    697.00        301.00        

113388595475   move    697.00        300.00        

113388595561   move    696.00        298.00        

113388595662   move    694.00        298.00        

113388595775   move    694.00        297.00        

113388603408   move    693.00        297.00        

113388603507   move    693.00        295.00        

113388603606   move    691.00        295.00        

113388603707   move    691.00        294.00        

113388603807   move    690.00        294.00        

113388603906   move    690.00        292.00        

113388604006   move    688.00        292.00        

113388604105   move    688.00        291.00        

113388611640   move    687.00        291.00        

113388611736   move    687.00        289.00        

113388611823   move    685.00        289.00        

113388612037   move    684.00        288.00        

113388612236   move    682.00        286.00        

113388619999   move    681.00        285.00        

113388620175   move    679.00        283.00        

113388620387   move    678.00        283.00        

113388620488   move    678.00        282.00        

113388620576   move    676.00        282.00        

113388628430   move    675.00        280.00        

113388628627   move    673.00        279.00        

113388628826   move    672.00        279.00        

113388629026   move    670.00        277.00        

113388636752   move    670.00        276.00        

113388636842   move    669.00        276.00        

113388637041   move    667.00        274.00        

113388637229   move    666.00        274.00        

113388637441   move    666.00        273.00        

113388637641   move    664.00        273.00        

113388637741   move    664.00        271.00        

113388645064   move    663.00        271.00        

113388645257   move    663.00        270.00        

113388645357   move    661.00        270.00        

113388645557   move    660.00        270.00        

113388653414   move    660.00        268.00        

113388653614   move    658.00        268.00        

113388653800   move    657.00        267.00        

113388654112   move    655.00        265.00        

113388661850   move    654.00        265.00        

113388661969   move    652.00        264.00        

113388662369   move    651.00        264.00        

113388662469   move    651.00        262.00        

113388670289   move    649.00        262.00        

113388670488   move    648.00        261.00        

113388670777   move    646.00        261.00        

113388670889   move    646.00        259.00        

113388678507   move    645.00        259.00        

113388678719   move    643.00        258.00        

113388678918   move    642.00        258.00        

113388686764   move    640.00        256.00        

113388687054   move    639.00        256.00        

113388687153   move    639.00        255.00        

113388687352   move    637.00        255.00        

113388687553   move    636.00        255.00        

113388695184   move    636.00        253.00        

113388695383   move    634.00        253.00        

113388695582   move    633.00        253.00        

113388695683   move    633.00        252.00        

113388695771   move    631.00        252.00        

113388703595   move    630.00        250.00        

113388703745   move    628.00        250.00        

113388703943   move    627.00        249.00        

113388711760   move    625.00        249.00        

113388711852   move    625.00        247.00        

113388711951   move    624.00        247.00        

113388712251   move    622.00        247.00        

113388712351   move    622.00        246.00        

113388712553   move    621.00        246.00        

113388720289   move    619.00        244.00        

113388720474   move    618.00        244.00        

113388720587   move    618.00        243.00        

113388720687   move    616.00        243.00        

113388720888   move    615.00        243.00        

113388728523   move    615.00        241.00        

113388728722   move    613.00        241.00        

113388728909   move    612.00        240.00        

113388729121   move    610.00        240.00        

113388729223   move    610.00        238.00        

113388737162   move    607.00        237.00        

113388737460   move    606.00        237.00        

113388737560   move    606.00        235.00        

113388737660   move    604.00        235.00        

113388737860   move    603.00        235.00        

113388745177   move    603.00        234.00        

113388745375   move    601.00        234.00        

113388745474   move    601.00        232.00        

113388745561   move    600.00        232.00        

113388753598   move    598.00        231.00        

113388753744   move    597.00        231.00        

113388753844   move    597.00        229.00        

113388753943   move    595.00        229.00        

113388754144   move    594.00        229.00        

113388754156   move    598.00        232.00        

113388754243   move    594.00        228.00        

113388761961   move    592.00        228.00        

113388762260   move    591.00        226.00        

113388762560   move    589.00        226.00        

113388762660   move    589.00        225.00        

113388770288   move    588.00        225.00        

113388770498   move    586.00        225.00        

113388770585   move    586.00        223.00        

113388770797   move    585.00        223.00        

113388770998   move    583.00        222.00        

113388778627   move    582.00        222.00        

113388778726   move    582.00        220.00        

113388778926   move    580.00        220.00        

113388779126   move    579.00        219.00        

113388786955   move    577.00        219.00        

113388787054   move    577.00        217.00        

113388787253   move    576.00        217.00        

113388787554   move    574.00        216.00        

113388795417   move    573.00        214.00        

113388795503   move    571.00        214.00        

113388795715   move    570.00        214.00        

113388795815   move    570.00        213.00        

113388796125   move    573.00        216.00        

113388803649   move    568.00        213.00        

113388803941   move    567.00        211.00        

113388804240   move    565.00        211.00        

113388804440   move    565.00        210.00        

113388812073   move    564.00        210.00        

113388812472   move    562.00        210.00        

113388812672   move    562.00        208.00        

113388812773   move    561.00        208.00        

113388820496   move    559.00        208.00        

113388820595   move    559.00        207.00        

113388820896   move    558.00        207.00        

113388828742   move    556.00        207.00        

113388828840   move    556.00        205.00        

113388829140   move    555.00        205.00        

113388837090   move    553.00        205.00        

113388837172   move    553.00        204.00        

113388837385   move    552.00        204.00        

113388837885   move    550.00        204.00        

113388838387   move    549.00        202.00        

113388853944   move    547.00        202.00        

113388854443   move    546.00        202.00        

113388862652   move    546.00        201.00        

113388862763   move    544.00        201.00        

113388871111   move    543.00        201.00        

113388879367   move    541.00        201.00        

113388887269   move    541.00        199.00        

113388895515   move    540.00        199.00        

113388903929   move    538.00        199.00        

113388904140   move    538.00        198.00        

113388912491   move    537.00        198.00        

113388920714   move    535.00        198.00        

113388920911   move    535.00        196.00        

113388928967   move    534.00        196.00        

113388937389   move    532.00        196.00        

113388945526   move    531.00        195.00        

113388946024   move    529.00        195.00        

113388954143   move    528.00        195.00        

113388962290   move    526.00        195.00        

113388962776   move    526.00        193.00        

113388962889   move    525.00        193.00        

113388970826   move    523.00        193.00        

113388978968   move    522.00        193.00        

113388979467   move    520.00        193.00        

113388987181   move    520.00        192.00        

113388987467   move    519.00        192.00        

113388995526   move    517.00        192.00        

113388995912   move    516.00        192.00        

113389003856   move    516.00        190.00        

113389003955   move    514.00        190.00        

113389004554   move    513.00        190.00        

113389012503   move    511.00        190.00        

113389020520   move    510.00        190.00        

113389020718   move    510.00        189.00        

113389021017   move    508.00        189.00        

113389029063   move    507.00        189.00        

